1
	1	50	0.700000	1.000000	0.900000	12
		0.0000061466	0.000000	32	0.002455
		0.0000001922	0.000000	30	0.001206
		0.0000075551	0.000000	26	0.001596
		0.0000079494	0.000000	25	0.002998
		0.0000013563	0.000000	23	0.000959
		0.0000027549	0.000000	19	0.001213
		0.0000010328	0.000000	29	0.001772
		0.0000025540	0.000000	25	0.001591
		0.0000014379	0.000000	33	0.002082
		0.0000074689	0.000000	28	0.001839
		0.0000096496	0.000000	26	0.001203
		0.0000079576	0.000000	30	0.001745
		0.0000072669	0.000000	30	0.001628
		0.0000065773	0.000000	24	0.002591
		0.0000049863	0.000000	30	0.003426
		0.0000050247	0.000000	31	0.003333
		0.0000091642	0.000000	35	0.002516
		0.0000004584	0.000000	31	0.001918
		0.0000089412	0.000000	26	0.001663
		0.0000088702	0.000000	32	0.002001
		0.0000068428	0.000000	23	0.001476
		0.0000077895	0.000000	26	0.000752
		0.0000026907	0.000000	28	0.001710
		0.0000043532	0.000000	34	0.000972
		0.0000056861	0.000000	25	0.001073
		0.0000022406	0.000000	26	0.001573
		0.0000076537	0.000000	34	0.002180
		0.0000065048	0.000000	33	0.002068
		0.0000052416	0.000000	29	0.001606
		0.0000024601	0.000000	35	0.001830
	1	100	0.700000	1.000000	0.900000	25
		0.0000090827	0.000000	24	0.002100
		0.0000075614	0.000000	31	0.003192
		0.0000033133	0.000000	24	0.005404
		0.0000008715	0.000000	28	0.006521
		0.0000065533	0.000000	25	0.005216
		0.0000043420	0.000000	21	0.001967
		0.0000019594	0.000000	26	0.004814
		0.0000058768	0.000000	22	0.004147
		0.0000090661	0.000000	27	0.005769
		0.0000068496	0.000000	25	0.005436
		0.0000004401	0.000000	25	0.004829
		0.0000024720	0.000000	22	0.002884
		0.0000061373	0.000000	25	0.002308
		0.0000051791	0.000000	27	0.002304
		0.0000023460	0.000000	24	0.002098
		0.0000011400	0.000000	26	0.002457
		0.0000071217	0.000000	22	0.004522
		0.0000035425	0.000000	25	0.005228
		0.0000044150	0.000000	24	0.004905
		0.0000095701	0.000000	26	0.005953
		0.0000065087	0.000000	30	0.002812
		0.0000027278	0.000000	23	0.004926
		0.0000055470	0.000000	23	0.004889
		0.0000065856	0.000000	24	0.005046
		0.0000008955	0.000000	30	0.004700
		0.0000066369	0.000000	25	0.004886
		0.0000034697	0.000000	30	0.005690
		0.0000009509	0.000000	17	0.003478
		0.0000020235	0.000000	22	0.004587
		0.0000014101	0.000000	25	0.005291
	1	150	0.700000	1.000000	0.900000	37
		0.0000056736	0.000000	23	0.007372
		0.0000078274	0.000000	27	0.011312
		0.0000027983	0.000000	22	0.008782
		0.0000010254	0.000000	30	0.009389
		0.0000057069	0.000000	29	0.012792
		0.0000017658	0.000000	22	0.009452
		0.0000021025	0.000000	24	0.007545
		0.0000096373	0.000000	25	0.008019
		0.0000061956	0.000000	35	0.009377
		0.0000002740	0.000000	23	0.006524
		0.0000050153	0.000000	27	0.007982
		0.0000016845	0.000000	25	0.007496
		0.0000014653	0.000000	27	0.007956
		0.0000098995	0.000000	21	0.006996
		0.0000026322	0.000000	23	0.004516
		0.0000058070	0.000000	22	0.009186
		0.0000017808	0.000000	23	0.010339
		0.0000056829	0.000000	27	0.008959
		0.0000037526	0.000000	26	0.008315
		0.0000074013	0.000000	24	0.006607
		0.0000015814	0.000000	31	0.009065
		0.0000048393	0.000000	24	0.004560
		0.0000013951	0.000000	20	0.004099
		0.0000074838	0.000000	24	0.009309
		0.0000011484	0.000000	23	0.010051
		0.0000048926	0.000000	21	0.008192
		0.0000065210	0.000000	28	0.007535
		0.0000062250	0.000000	20	0.007857
		0.0000084880	0.000000	22	0.008100
		0.0000073592	0.000000	23	0.008351
	1	200	0.700000	1.000000	0.900000	50
		0.0000028037	0.000000	22	0.010560
		0.0000006738	0.000000	20	0.014971
		0.0000055528	0.000000	21	0.010976
		0.0000055416	0.000000	23	0.009493
		0.0000047914	0.000000	25	0.016915
		0.0000024671	0.000000	25	0.011687
		0.0000022505	0.000000	22	0.013435
		0.0000024569	0.000000	22	0.012204
		0.0000073780	0.000000	20	0.009634
		0.0000025073	0.000000	29	0.015613
		0.0000022599	0.000000	29	0.013409
		0.0000044670	0.000000	27	0.016776
		0.0000069084	0.000000	29	0.009170
		0.0000065577	0.000000	25	0.015034
		0.0000050077	0.000000	24	0.012167
		0.0000070423	0.000000	26	0.016789
		0.0000036750	0.000000	29	0.012609
		0.0000043943	0.000000	16	0.010532
		0.0000079139	0.000000	31	0.012639
		0.0000023957	0.000000	23	0.010938
		0.0000031577	0.000000	23	0.008877
		0.0000048158	0.000000	18	0.011551
		0.0000006020	0.000000	26	0.014694
		0.0000013549	0.000000	26	0.010197
		0.0000097844	0.000000	22	0.014835
		0.0000052856	0.000000	26	0.011579
		0.0000056952	0.000000	15	0.007982
		0.0000029321	0.000000	14	0.011132
		0.0000007765	0.000000	23	0.011935
		0.0000035388	0.000000	27	0.011483
2
	2	50	0.700000	1.000000	0.900000	12
		0.0000044046	0.000000	53	0.003669
		0.0000035890	0.000000	60	0.003969
		0.0000023889	0.000000	50	0.002887
		0.0000050499	0.000000	51	0.004039
		0.0000095215	0.000000	50	0.003662
		0.0000001300	0.000000	43	0.002332
		0.0000022615	0.000000	41	0.002694
		0.0000095704	0.000000	41	0.002667
		0.0000045573	0.000000	54	0.003658
		0.0000011722	0.000000	42	0.002714
		0.0000078056	0.000000	49	0.003374
		0.0000060365	0.000000	48	0.003192
		0.0000062325	0.000000	65	0.004822
		0.0000037823	0.000000	59	0.002364
		0.0000023833	0.000000	50	0.003886
		0.0000070843	0.000000	50	0.003306
		0.0000039763	0.000000	45	0.002888
		0.0000098561	0.000000	47	0.003156
		0.0000014700	0.000000	44	0.002240
		0.0000035371	0.000000	45	0.002866
		0.0000042352	0.000000	56	0.003901
		0.0000075040	0.000000	53	0.001828
		0.0000094178	0.000000	46	0.001836
		0.0000067553	0.000000	51	0.003419
		0.0000076299	0.000000	48	0.003206
		0.0000010353	0.000000	62	0.001942
		0.0000095539	0.000000	47	0.001317
		0.0000076325	0.000000	47	0.001727
		0.0000088952	0.000000	49	0.003720
		0.0000027127	0.000000	33	0.001007
	2	100	0.700000	1.000000	0.900000	25
		0.0000049910	0.000000	41	0.005195
		0.0000038697	0.000000	36	0.005085
		0.0000057113	0.000000	42	0.007725
		0.0000078072	0.000000	41	0.004781
		0.0000098752	0.000000	43	0.005582
		0.0000099702	0.000000	37	0.006589
		0.0000039928	0.000000	46	0.007602
		0.0000078514	0.000000	48	0.006711
		0.0000030043	0.000000	34	0.005706
		0.0000014486	0.000000	41	0.009685
		0.0000070013	0.000000	69	0.009460
		0.0000008890	0.000000	52	0.008287
		0.0000060932	0.000000	53	0.007705
		0.0000036106	0.000000	36	0.006380
		0.0000065095	0.000000	37	0.004834
		0.0000003246	0.000000	37	0.006640
		0.0000097543	0.000000	39	0.003332
		0.0000038774	0.000000	43	0.009885
		0.0000077631	0.000000	52	0.008721
		0.0000096392	0.000000	41	0.008010
		0.0000034823	0.000000	54	0.005181
		0.0000028117	0.000000	35	0.007392
		0.0000034271	0.000000	41	0.008872
		0.0000017245	0.000000	36	0.004716
		0.0000019238	0.000000	49	0.007001
		0.0000048591	0.000000	49	0.008149
		0.0000098911	0.000000	37	0.005812
		0.0000081149	0.000000	41	0.008418
		0.0000093995	0.000000	45	0.008474
		0.0000078515	0.000000	38	0.007959
	2	150	0.700000	1.000000	0.900000	37
		0.0000087226	0.000000	35	0.010010
		0.0000005449	0.000000	41	0.013225
		0.0000002417	0.000000	43	0.021521
		0.0000086010	0.000000	42	0.013077
		0.0000030701	0.000000	39	0.009535
		0.0000023416	0.000000	44	0.016854
		0.0000042709	0.000000	32	0.008694
		0.0000055849	0.000000	48	0.010105
		0.0000008098	0.000000	33	0.014445
		0.0000071209	0.000000	33	0.011072
		0.0000089706	0.000000	33	0.014783
		0.0000088596	0.000000	38	0.012576
		0.0000040504	0.000000	33	0.008722
		0.0000058732	0.000000	50	0.016593
		0.0000017000	0.000000	43	0.011167
		0.0000025529	0.000000	33	0.013994
		0.0000025161	0.000000	35	0.012238
		0.0000056198	0.000000	47	0.011122
		0.0000024798	0.000000	38	0.015027
		0.0000021341	0.000000	34	0.008774
		0.0000039450	0.000000	52	0.015734
		0.0000042092	0.000000	39	0.012834
		0.0000043403	0.000000	46	0.010490
		0.0000002780	0.000000	35	0.015537
		0.0000071985	0.000000	47	0.012015
		0.0000032405	0.000000	34	0.013492
		0.0000036349	0.000000	32	0.009780
		0.0000080827	0.000000	46	0.011866
		0.0000094065	0.000000	42	0.016176
		0.0000047320	0.000000	36	0.009849
	2	200	0.700000	1.000000	0.900000	50
		0.0000010643	0.000000	40	0.022082
		0.0000023202	0.000000	34	0.017889
		0.0000021124	0.000000	37	0.019452
		0.0000021101	0.000000	37	0.021149
		0.0000046059	0.000000	40	0.016770
		0.0000061955	0.000000	29	0.012166
		0.0000027507	0.000000	32	0.017541
		0.0000049005	0.000000	36	0.020000
		0.0000023585	0.000000	36	0.015638
		0.0000089272	0.000000	41	0.014658
		0.0000020653	0.000000	34	0.015582
		0.0000078271	0.000000	29	0.011319
		0.0000042146	0.000000	40	0.019894
		0.0000042366	0.000000	43	0.022062
		0.0000036576	0.000000	40	0.018369
		0.0000038149	0.000000	43	0.021545
		0.0000056818	0.000000	54	0.023026
		0.0000010030	0.000000	47	0.018990
		0.0000081413	0.000000	42	0.018574
		0.0000084310	0.000000	43	0.017659
		0.0000041860	0.000000	34	0.014472
		0.0000047088	0.000000	41	0.015068
		0.0000058609	0.000000	45	0.018478
		0.0000028746	0.000000	36	0.019101
		0.0000081784	0.000000	36	0.018952
		0.0000018367	0.000000	40	0.019812
		0.0000075198	0.000000	50	0.021658
		0.0000022264	0.000000	33	0.016522
		0.0000044019	0.000000	36	0.017786
		0.0000025215	0.000000	30	0.011274
3
	3	50	0.700000	1.000000	0.900000	12
		-37.0000000000	0.000000	10000	0.464925
		-36.0000000000	0.000000	10000	0.463652
		-41.0000000000	0.000000	10000	0.465087
		-40.0000000000	0.000000	10000	0.466102
		-36.0000000000	0.000000	10000	0.474614
		-37.0000000000	0.000000	10000	0.466107
		-41.0000000000	0.000000	10000	0.464179
		-35.0000000000	0.000000	10000	0.461548
		-29.0000000000	0.000000	10000	0.465118
		-34.0000000000	0.000000	10000	0.464614
		-32.0000000000	0.000000	10000	0.464101
		-33.0000000000	0.000000	10000	0.464813
		-37.0000000000	0.000000	10000	0.463222
		-50.0000000000	0.000000	10000	0.464969
		-38.0000000000	0.000000	10000	0.486510
		-42.0000000000	0.000000	10000	0.464334
		-36.0000000000	0.000000	10000	0.462729
		-35.0000000000	0.000000	10000	0.461745
		-38.0000000000	0.000000	10000	0.465065
		-30.0000000000	0.000000	10000	0.464877
		-33.0000000000	0.000000	10000	0.465437
		-34.0000000000	0.000000	10000	0.463698
		-34.0000000000	0.000000	10000	0.463085
		-36.0000000000	0.000000	10000	0.463817
		-36.0000000000	0.000000	10000	0.498892
		-35.0000000000	0.000000	10000	0.464491
		-33.0000000000	0.000000	10000	0.465517
		-45.0000000000	0.000000	10000	0.462750
		-39.0000000000	0.000000	10000	0.461256
		-35.0000000000	0.000000	10000	0.462068
	3	100	0.700000	1.000000	0.900000	25
		-36.0000000000	0.000000	10000	1.209343
		-35.0000000000	0.000000	10000	1.204074
		-39.0000000000	0.000000	10000	1.281083
		-36.0000000000	0.000000	10000	1.206423
		-35.0000000000	0.000000	10000	1.202894
		-42.0000000000	0.000000	10000	1.201712
		-36.0000000000	0.000000	10000	1.203266
		-34.0000000000	0.000000	10000	1.281624
		-43.0000000000	0.000000	10000	1.200668
		-42.0000000000	0.000000	10000	1.204188
		-33.0000000000	0.000000	10000	1.201067
		-42.0000000000	0.000000	10000	1.204227
		-43.0000000000	0.000000	10000	1.279190
		-35.0000000000	0.000000	10000	1.203626
		-33.0000000000	0.000000	10000	1.201210
		-33.0000000000	0.000000	10000	1.203418
		-40.0000000000	0.000000	10000	1.200730
		-34.0000000000	0.000000	10000	1.282328
		-36.0000000000	0.000000	10000	1.201690
		-34.0000000000	0.000000	10000	1.202470
		-32.0000000000	0.000000	10000	1.201603
		-37.0000000000	0.000000	10000	1.202029
		-34.0000000000	0.000000	10000	1.278051
		-33.0000000000	0.000000	10000	1.203103
		-37.0000000000	0.000000	10000	1.201332
		-43.0000000000	0.000000	10000	1.204284
		-39.0000000000	0.000000	10000	1.201049
		-42.0000000000	0.000000	10000	1.279704
		-35.0000000000	0.000000	10000	1.200537
		-39.0000000000	0.000000	10000	1.201968
	3	150	0.700000	1.000000	0.900000	37
		-42.0000000000	0.000000	10000	2.374944
		-42.0000000000	0.000000	10000	2.325149
		-36.0000000000	0.000000	10000	2.382240
		-39.0000000000	0.000000	10000	2.327549
		-39.0000000000	0.000000	10000	2.267200
		-36.0000000000	0.000000	10000	2.380786
		-35.0000000000	0.000000	10000	2.262924
		-40.0000000000	0.000000	10000	2.327876
		-38.0000000000	0.000000	10000	2.262619
		-39.0000000000	0.000000	10000	2.473957
		-42.0000000000	0.000000	10000	2.263657
		-42.0000000000	0.000000	10000	2.326504
		-38.0000000000	0.000000	10000	2.319366
		-37.0000000000	0.000000	10000	2.326911
		-34.0000000000	0.000000	10000	2.265572
		-38.0000000000	0.000000	10000	2.327360
		-38.0000000000	0.000000	10000	2.325728
		-38.0000000000	0.000000	10000	2.326359
		-39.0000000000	0.000000	10000	2.382880
		-39.0000000000	0.000000	10000	2.545459
		-43.0000000000	0.000000	10000	2.373259
		-37.0000000000	0.000000	10000	2.436559
		-32.0000000000	0.000000	10000	2.400214
		-38.0000000000	0.000000	10000	2.435374
		-36.0000000000	0.000000	10000	2.376170
		-34.0000000000	0.000000	10000	2.434649
		-37.0000000000	0.000000	10000	2.468782
		-45.0000000000	0.000000	10000	2.437112
		-39.0000000000	0.000000	10000	2.373162
		-42.0000000000	0.000000	10000	2.495600
	3	200	0.700000	1.000000	0.900000	50
		-42.0000000000	0.000000	10000	3.920133
		-38.0000000000	0.000000	10000	3.803690
		-35.0000000000	0.000000	10000	3.799859
		-37.0000000000	0.000000	10000	3.863951
		-44.0000000000	0.000000	10000	3.805788
		-37.0000000000	0.000000	10000	4.024929
		-40.0000000000	0.000000	10000	3.920808
		-44.0000000000	0.000000	10000	3.919994
		-39.0000000000	0.000000	10000	4.016665
		-45.0000000000	0.000000	10000	3.922882
		-40.0000000000	0.000000	10000	4.003645
		-40.0000000000	0.000000	10000	3.919470
		-42.0000000000	0.000000	10000	3.917984
		-41.0000000000	0.000000	10000	4.032406
		-45.0000000000	0.000000	10000	3.921871
		-44.0000000000	0.000000	10000	3.937412
		-38.0000000000	0.000000	10000	3.798292
		-39.0000000000	0.000000	10000	3.903307
		-35.0000000000	0.000000	10000	4.052591
		-43.0000000000	0.000000	10000	3.916190
		-39.0000000000	0.000000	10000	3.967988
		-39.0000000000	0.000000	10000	3.919259
		-41.0000000000	0.000000	10000	3.918124
		-44.0000000000	0.000000	10000	4.059357
		-34.0000000000	0.000000	10000	3.839989
		-35.0000000000	0.000000	10000	3.655340
		-37.0000000000	0.000000	10000	3.626318
		-44.0000000000	0.000000	10000	3.624252
		-41.0000000000	0.000000	10000	3.766785
		-36.0000000000	0.000000	10000	3.627376
4
	4	50	0.700000	1.000000	0.900000	12
		0.5608143926	0.000000	10000	0.373484
		0.4695374469	0.000000	10000	0.375806
		0.4715259128	0.000000	10000	0.378572
		0.2154035107	0.000000	10000	0.380510
		0.5516414265	0.000000	10000	0.376409
		0.5180308865	0.000000	10000	0.380367
		0.2898839161	0.000000	10000	0.385991
		0.4540245975	0.000000	10000	0.385452
		0.2628042114	0.000000	10000	0.381575
		0.3064476428	0.000000	10000	0.379434
		0.4018645767	0.000000	10000	0.380965
		0.1835480343	0.000000	10000	0.380064
		0.4387575748	0.000000	10000	0.379374
		0.2556955811	0.000000	10000	0.380501
		0.3797462571	0.000000	10000	0.379242
		0.4103338173	0.000000	10000	0.416562
		0.2052639465	0.000000	10000	0.392119
		0.5940020185	0.000000	10000	0.379185
		0.2704897582	0.000000	10000	0.380294
		0.2968635063	0.000000	10000	0.379724
		0.3001615011	0.000000	10000	0.379356
		0.7205700540	0.000000	10000	0.381168
		0.1940232369	0.000000	10000	0.379336
		0.5481706349	0.000000	10000	0.379324
		0.3669075183	0.000000	10000	0.380214
		0.1781856171	0.000000	10000	0.379460
		0.5507268416	0.000000	10000	0.448208
		0.3366380814	0.000000	10000	0.418824
		0.4405246269	0.000000	10000	0.415933
		0.4601982755	0.000000	10000	0.416377
	4	100	0.700000	1.000000	0.900000	25
		0.3357927443	0.000000	10000	1.196714
		0.4126650676	0.000000	10000	1.123498
		0.1519735315	0.000000	10000	1.125206
		0.2277299029	0.000000	10000	1.155655
		0.2423834923	0.000000	10000	1.124056
		0.5405047928	0.000000	10000	1.125496
		0.1999743784	0.000000	10000	1.121665
		0.2163054019	0.000000	10000	1.125379
		0.4403626587	0.000000	10000	1.151179
		0.3464128983	0.000000	10000	1.124970
		0.1996513377	0.000000	10000	1.122813
		0.4011108737	0.000000	10000	1.125654
		0.3898835781	0.000000	10000	1.122222
		0.4127779537	0.000000	10000	1.150614
		0.3401079807	0.000000	10000	1.123208
		0.3081193855	0.000000	10000	1.125966
		0.1223020626	0.000000	10000	1.122340
		0.4144563797	0.000000	10000	1.124206
		0.3298344748	0.000000	10000	1.144275
		0.4357981717	0.000000	10000	1.122066
		0.3190056992	0.000000	10000	1.127682
		0.2320701989	0.000000	10000	1.124444
		0.2585778989	0.000000	10000	1.122561
		0.2027740193	0.000000	10000	1.142626
		0.1641649701	0.000000	10000	1.124679
		0.3658863854	0.000000	10000	1.123463
		0.1423024075	0.000000	10000	1.124886
		0.4163274522	0.000000	10000	1.122765
		0.1572880546	0.000000	10000	1.137870
		0.3479322443	0.000000	10000	1.124031
	4	150	0.700000	1.000000	0.900000	37
		0.0629831917	0.000000	10000	2.193876
		0.3339729727	0.000000	10000	2.335494
		0.1813009666	0.000000	10000	2.197708
		0.0959354327	0.000000	10000	2.206288
		0.1526153589	0.000000	10000	2.219016
		0.2411180925	0.000000	10000	2.183064
		0.2694919272	0.000000	10000	2.117142
		0.3101205810	0.000000	10000	2.180699
		0.2796249229	0.000000	10000	2.117429
		0.3866099324	0.000000	10000	2.184507
		0.1713666687	0.000000	10000	2.179958
		0.2054643436	0.000000	10000	2.096870
		0.0828095206	0.000000	10000	2.236929
		0.2601339418	0.000000	10000	2.095977
		0.1002309900	0.000000	10000	2.120654
		0.2944834316	0.000000	10000	2.169258
		0.3374485015	0.000000	10000	2.120088
		0.3869903903	0.000000	10000	2.096191
		0.2243874332	0.000000	10000	2.122600
		0.2173940918	0.000000	10000	2.120762
		0.1794852028	0.000000	10000	2.120387
		0.1109279877	0.000000	10000	2.095678
		0.2383429345	0.000000	10000	2.239228
		0.1098257626	0.000000	10000	2.094712
		0.3463739377	0.000000	10000	2.121548
		0.1716400716	0.000000	10000	2.144707
		0.3098898931	0.000000	10000	2.121726
		0.1318155481	0.000000	10000	2.097199
		0.2520615390	0.000000	10000	2.121929
		0.1052650671	0.000000	10000	2.177546
	4	200	0.700000	1.000000	0.900000	50
		0.2352276577	0.000000	10000	3.465266
		0.2090782247	0.000000	10000	3.316786
		0.2809729943	0.000000	10000	3.313484
		0.1786840897	0.000000	10000	3.449097
		0.1097909812	0.000000	10000	3.322911
		0.0831752692	0.000000	10000	3.315356
		0.2667186914	0.000000	10000	3.352401
		0.2318514137	0.000000	10000	3.314911
		0.0528892151	0.000000	10000	3.437022
		0.2115186143	0.000000	10000	3.318163
		0.1818886593	0.000000	10000	3.315250
		0.2331175404	0.000000	10000	3.396895
		0.0488252681	0.000000	10000	3.317706
		0.1394892695	0.000000	10000	3.418499
		0.1842891652	0.000000	10000	3.318708
		0.2057827509	0.000000	10000	3.314560
		0.1541035751	0.000000	10000	3.429856
		0.2498810658	0.000000	10000	3.473581
		0.2519203430	0.000000	10000	3.558404
		0.2067383976	0.000000	10000	3.476614
		0.1827833603	0.000000	10000	3.463563
		0.1986392801	0.000000	10000	3.454715
		0.2516968172	0.000000	10000	3.312703
		0.2379618843	0.000000	10000	3.381756
		0.2245199859	0.000000	10000	3.314503
		0.1466931600	0.000000	10000	3.313907
		0.1509170252	0.000000	10000	3.460582
		0.0816633413	0.000000	10000	3.315723
		0.1923692747	0.000000	10000	3.362714
		0.2602579703	0.000000	10000	3.313871
5
	5	50	0.700000	1.000000	0.900000	12
		0.9980039920	0.998000	20	0.001894
		0.9980064013	0.998000	11	0.001045
		0.0000000000	0.998000	10000	0.983339
		0.0000000000	0.998000	10000	0.987134
		0.9980544431	0.998000	8	0.000775
		0.9980039920	0.998000	8	0.002044
		4.9504950495	0.998000	10000	0.782928
		0.0000000000	0.998000	10000	0.985102
		5.9288537549	0.998000	10000	0.819364
		0.9988805674	0.998000	9	0.002040
		0.9980109668	0.998000	14	0.003643
		1.9920318725	0.998000	10000	0.762289
		0.9980041927	0.998000	3	0.000886
		2.9821073559	0.998000	10000	0.767306
		3.9682539683	0.998000	10000	0.742498
		0.9980040111	0.998000	15	0.002550
		0.0000000000	0.998000	10000	0.986163
		0.9985350955	0.998000	10	0.000986
		0.9980064238	0.998000	5	0.001354
		0.0000000000	0.998000	10000	0.987713
		0.9980352938	0.998000	11	0.002466
		0.9980776240	0.998000	12	0.002066
		1.9920318725	0.998000	10000	0.789695
		1.9920318725	0.998000	10000	0.753158
		0.9980530398	0.998000	42	0.005824
		0.9980509054	0.998000	5	0.001113
		0.9980240793	0.998000	13	0.001320
		14.5631067961	0.998000	10000	0.748474
		4.9504950495	0.998000	10000	0.810133
		9.8039215686	0.998000	10000	0.744234
	5	100	0.700000	1.000000	0.900000	25
		0.9980105232	0.998000	4	0.000979
		0.0000000000	0.998000	10000	1.982263
		0.9981825384	0.998000	13	0.002849
		0.9980078492	0.998000	11	0.004564
		0.9980087859	0.998000	12	0.006676
		0.9980198191	0.998000	11	0.006027
		0.9980138007	0.998000	6	0.003252
		0.9980039926	0.998000	11	0.002498
		0.9980690609	0.998000	2	0.000514
		0.0000000000	0.998000	10000	1.983497
		0.9980718175	0.998000	4	0.000923
		0.0000000000	0.998000	10000	1.981185
		0.9982009762	0.998000	5	0.001172
		0.9982724814	0.998000	12	0.007034
		0.9981126518	0.998000	3	0.001123
		0.9980076447	0.998000	6	0.003680
		0.9980040007	0.998000	8	0.004317
		0.9980039922	0.998000	8	0.004339
		0.9981134504	0.998000	4	0.002134
		0.0000000000	0.998000	10000	1.987412
		0.9980039921	0.998000	5	0.001129
		0.9980121956	0.998000	22	0.011736
		0.9980738726	0.998000	5	0.002628
		0.9980044192	0.998000	10	0.003811
		0.9980118026	0.998000	26	0.008188
		4.9504950495	0.998000	10000	1.650519
		0.9980039920	0.998000	10	0.002212
		0.9981368220	0.998000	17	0.005841
		0.9980041941	0.998000	4	0.001008
		0.9980039920	0.998000	4	0.001043
	5	150	0.700000	1.000000	0.900000	37
		0.9980743499	0.998000	5	0.002029
		0.9980039920	0.998000	5	0.002083
		0.9984718657	0.998000	7	0.005265
		0.9980039920	0.998000	13	0.005039
		0.9980039920	0.998000	11	0.004365
		0.0000000000	0.998000	10000	2.986038
		0.0000000000	0.998000	10000	2.977359
		0.0000000000	0.998000	10000	2.978190
		0.0000000000	0.998000	10000	2.984505
		0.0000000000	0.998000	10000	2.979091
		0.0000000000	0.998000	10000	2.977249
		0.0000000000	0.998000	10000	2.980827
		0.0000000000	0.998000	10000	2.990506
		0.9989720240	0.998000	1	0.000508
		0.9981565025	0.998000	9	0.005489
		0.9986309050	0.998000	6	0.005936
		0.0000000000	0.998000	10000	2.981550
		0.9980053738	0.998000	4	0.001609
		0.0000000000	0.998000	10000	2.993243
		0.9980124724	0.998000	14	0.005325
		0.9980145016	0.998000	7	0.006522
		0.9980040635	0.998000	5	0.004995
		0.9980299359	0.998000	6	0.005811
		0.0000000000	0.998000	10000	2.984834
		0.9980040212	0.998000	14	0.005301
		1.9920318725	0.998000	10000	2.336866
		0.0000000000	0.998000	10000	3.030454
		0.9980039920	0.998000	7	0.002699
		0.9980043361	0.998000	2	0.001992
		0.0000000000	0.998000	10000	3.110871
	5	200	0.700000	1.000000	0.900000	50
		0.9981877101	0.998000	5	0.003581
		0.9980043091	0.998000	10	0.007841
		0.9980041000	0.998000	3	0.003947
		0.0000000000	0.998000	10000	3.995688
		0.9980040043	0.998000	6	0.003600
		0.9980039922	0.998000	3	0.003771
		0.9980061647	0.998000	4	0.003151
		0.9980057468	0.998000	4	0.005209
		0.0000000000	0.998000	10000	3.994948
		0.0000000000	0.998000	10000	3.992427
		0.0000000000	0.998000	10000	3.989598
		0.0000000000	0.998000	10000	3.983985
		0.9980040300	0.998000	1	0.000696
		0.9980387982	0.998000	3	0.003830
		0.0000000000	0.998000	10000	3.996571
		0.9980040508	0.998000	4	0.002341
		0.0000000000	0.998000	10000	3.991111
		0.9986356676	0.998000	2	0.001256
		0.9984939309	0.998000	5	0.002971
		0.0000000000	0.998000	10000	3.997822
		0.0000000000	0.998000	10000	3.985184
		0.0000000000	0.998000	10000	3.986905
		0.9980479945	0.998000	1	0.000713
		0.0000000000	0.998000	10000	3.992261
		0.0000000000	0.998000	10000	3.993594
		0.9980039958	0.998000	7	0.003982
		0.0000000000	0.998000	10000	3.996237
		0.9980039924	0.998000	2	0.001326
		0.9980298439	0.998000	3	0.004643
		0.9985169622	0.998000	1	0.001592
6
	6	50	0.700000	1.000000	0.900000	12
		0.0097159099	0.000000	10000	0.351333
		0.0097159099	0.000000	10000	0.340178
		0.0097159099	0.000000	10000	0.351583
		0.0097159099	0.000000	10000	0.346532
		0.0000028781	0.000000	478	0.023909
		0.0097159099	0.000000	10000	0.345361
		0.0097159099	0.000000	10000	0.340162
		0.0097159099	0.000000	10000	0.380328
		0.0097159099	0.000000	10000	0.387955
		0.0097159099	0.000000	10000	0.342894
		0.0097159099	0.000000	10000	0.352489
		0.0097159099	0.000000	10000	0.352582
		0.0097159099	0.000000	10000	0.347923
		0.0097159099	0.000000	10000	0.343917
		0.0097159099	0.000000	10000	0.342900
		0.0097159099	0.000000	10000	0.345892
		0.0097159099	0.000000	10000	0.348788
		0.0097159099	0.000000	10000	0.349306
		0.0097159099	0.000000	10000	0.344717
		0.0097159099	0.000000	10000	0.372554
		0.0097159099	0.000000	10000	0.366997
		0.0000021623	0.000000	323	0.018985
		0.0097159099	0.000000	10000	0.344935
		0.0097159099	0.000000	10000	0.361688
		0.0097159099	0.000000	10000	0.347999
		0.0097159099	0.000000	10000	0.352435
		0.0097159099	0.000000	10000	0.340186
		0.0097159099	0.000000	10000	0.343686
		0.0097159099	0.000000	10000	0.352106
		0.0097159099	0.000000	10000	0.381808
	6	100	0.700000	1.000000	0.900000	25
		0.0097159099	0.000000	10000	0.941130
		0.0097159099	0.000000	10000	0.989127
		0.0097159099	0.000000	10000	1.010852
		0.0097159099	0.000000	10000	0.942773
		0.0000021396	0.000000	257	0.035373
		0.0097159099	0.000000	10000	0.950634
		0.0097159099	0.000000	10000	1.009025
		0.0097159099	0.000000	10000	0.949035
		0.0097159099	0.000000	10000	0.996098
		0.0000030985	0.000000	155	0.019459
		0.0097159099	0.000000	10000	0.936416
		0.0000009609	0.000000	346	0.039415
		0.0097159099	0.000000	10000	0.925729
		0.0000066979	0.000000	188	0.026615
		0.0097159099	0.000000	10000	0.968932
		0.0000098876	0.000000	309	0.033894
		0.0097159099	0.000000	10000	0.996727
		0.0097159099	0.000000	10000	0.942329
		0.0097159099	0.000000	10000	0.936417
		0.0097159099	0.000000	10000	0.947258
		0.0000027737	0.000000	2293	0.240637
		0.0097159099	0.000000	10000	0.962196
		0.0097159099	0.000000	10000	0.944777
		0.0097159099	0.000000	10000	0.940231
		0.0097159099	0.000000	10000	0.960969
		0.0000083549	0.000000	172	0.025727
		0.0097159099	0.000000	10000	0.950094
		0.0097159099	0.000000	10000	0.939161
		0.0097159099	0.000000	10000	0.944117
		0.0000031970	0.000000	431	0.046903
	6	150	0.700000	1.000000	0.900000	37
		0.0097159099	0.000000	10000	1.939912
		0.0000026626	0.000000	208	0.041922
		0.0000076609	0.000000	443	0.095706
		0.0097159099	0.000000	10000	1.992109
		0.0097159099	0.000000	10000	1.918561
		0.0097159099	0.000000	10000	1.840605
		0.0000072299	0.000000	71	0.014208
		0.0000015744	0.000000	258	0.058725
		0.0000077162	0.000000	44	0.009552
		0.0097159099	0.000000	10000	1.838213
		0.0097159099	0.000000	10000	2.005870
		0.0000033191	0.000000	234	0.046643
		0.0000011851	0.000000	264	0.057158
		0.0000084820	0.000000	87	0.021870
		0.0097159099	0.000000	10000	1.867053
		0.0000087154	0.000000	142	0.028241
		0.0000049514	0.000000	761	0.158724
		0.0000022103	0.000000	238	0.052282
		0.0000037452	0.000000	47	0.014707
		0.0000035481	0.000000	556	0.111155
		0.0000084590	0.000000	473	0.101366
		0.0000033606	0.000000	123	0.031480
		0.0000094785	0.000000	789	0.161818
		0.0000059721	0.000000	578	0.120208
		0.0000031502	0.000000	415	0.090599
		0.0097159099	0.000000	10000	1.918052
		0.0000095796	0.000000	591	0.116457
		0.0000053507	0.000000	152	0.036054
		0.0097159099	0.000000	10000	1.860925
		0.0000032626	0.000000	354	0.070090
	6	200	0.700000	1.000000	0.900000	50
		0.0000094752	0.000000	189	0.064644
		0.0000077333	0.000000	76	0.032268
		0.0097159099	0.000000	10000	3.178579
		0.0097159099	0.000000	10000	3.305826
		0.0000000825	0.000000	256	0.082671
		0.0000009638	0.000000	104	0.040290
		0.0000053499	0.000000	100	0.041617
		0.0000028537	0.000000	90	0.033005
		0.0000047567	0.000000	129	0.045936
		0.0097159099	0.000000	10000	3.092138
		0.0000003776	0.000000	233	0.076336
		0.0000063300	0.000000	57	0.026131
		0.0000009148	0.000000	222	0.081469
		0.0000008890	0.000000	97	0.040663
		0.0000079559	0.000000	53	0.020871
		0.0000015739	0.000000	67	0.024896
		0.0000078108	0.000000	442	0.157176
		0.0000032854	0.000000	129	0.045894
		0.0000002181	0.000000	427	0.146825
		0.0000002603	0.000000	1081	0.356063
		0.0000099182	0.000000	335	0.112529
		0.0000022119	0.000000	107	0.036830
		0.0000047430	0.000000	467	0.151070
		0.0000020493	0.000000	577	0.189207
		0.0097159099	0.000000	10000	3.155959
		0.0000037197	0.000000	929	0.292067
		0.0000049481	0.000000	222	0.079865
		0.0000077037	0.000000	92	0.036651
		0.0000013493	0.000000	50	0.020268
		0.0000060407	0.000000	146	0.052350
7
	7	50	0.700000	1.000000	0.900000	12
		3.9798450234	0.000000	10000	1.724379
		20.8942487243	0.000000	10000	1.866081
		5.9699542847	0.000000	10000	1.766231
		10.9446845798	0.000000	10000	1.730094
		5.9700011376	0.000000	10000	1.691965
		5.0369572944	0.000000	10000	1.744952
		3.9801579075	0.000000	10000	1.717555
		12.9345163839	0.000000	10000	1.827067
		13.9294274223	0.000000	10000	1.729367
		13.9299010713	0.000000	10000	1.776881
		16.9184996529	0.000000	10000	1.865019
		11.9396047459	0.000000	10000	1.748758
		4.9997303879	0.000000	10000	1.654208
		4.9752614358	0.000000	10000	1.742778
		6.9653638046	0.000000	10000	1.791950
		4.9747967174	0.000000	10000	1.743126
		3.9806649823	0.000000	10000	1.721516
		23.8789939161	0.000000	10000	1.864806
		9.9497403979	0.000000	10000	1.807514
		4.9859669204	0.000000	10000	1.749835
		9.9804645037	0.000000	10000	1.815478
		8.0177640244	0.000000	10000	1.731708
		10.9450061165	0.000000	10000	1.859825
		8.9560300917	0.000000	10000	1.786654
		5.9721531009	0.000000	10000	1.755767
		5.9699336976	0.000000	10000	1.805993
		4.0079631733	0.000000	10000	1.718315
		13.2984038295	0.000000	10000	1.843732
		10.9451516559	0.000000	10000	1.730902
		5.9768739096	0.000000	10000	1.786084
	7	100	0.700000	1.000000	0.900000	25
		10.9445395524	0.000000	10000	3.741419
		16.9142738397	0.000000	10000	4.031436
		3.9798362607	0.000000	10000	3.724606
		6.9647083618	0.000000	10000	3.586056
		2.9848771717	0.000000	10000	3.637245
		4.9747953274	0.000000	10000	3.792555
		5.9697543426	0.000000	10000	3.822270
		7.9597330359	0.000000	10000	3.807742
		1.9899181142	0.000000	10000	3.543856
		2.9848771720	0.000000	10000	3.651218
		3.9798363295	0.000000	10000	3.701587
		5.9697493062	0.000000	10000	3.660092
		4.9747902490	0.000000	10000	3.649809
		4.9747952855	0.000000	10000	3.609433
		9.9495855359	0.000000	10000	3.891635
		8.9546264793	0.000000	10000	3.842727
		1.9899181278	0.000000	10000	3.636855
		0.9949594426	0.000000	10000	3.584736
		3.9798362345	0.000000	10000	3.707437
		3.9798362284	0.000000	10000	3.650032
		17.9092226797	0.000000	10000	3.666298
		5.9697544442	0.000000	10000	3.848277
		9.9495855340	0.000000	10000	3.892118
		17.9092277178	0.000000	10000	3.902552
		8.9546266852	0.000000	10000	3.839057
		4.9747952855	0.000000	10000	3.784333
		2.9848772836	0.000000	10000	3.635705
		3.9798362284	0.000000	10000	3.601720
		7.9596676149	0.000000	10000	3.797827
		2.9848772524	0.000000	10000	3.679206
	7	150	0.700000	1.000000	0.900000	37
		6.9647083618	0.000000	10000	5.538394
		6.9647083618	0.000000	10000	5.234393
		1.9899181142	0.000000	10000	5.172584
		3.9798362284	0.000000	10000	5.667839
		10.9445395524	0.000000	10000	5.441842
		3.9798362284	0.000000	10000	5.934990
		3.9798362284	0.000000	10000	5.602512
		3.9798362284	0.000000	10000	5.884241
		3.9798362284	0.000000	10000	5.796296
		4.9747952865	0.000000	10000	5.965270
		9.9495855331	0.000000	10000	6.060001
		12.9344576666	0.000000	10000	6.171053
		6.9647083778	0.000000	10000	5.752470
		4.9747952855	0.000000	10000	5.974720
		9.9495804953	0.000000	10000	5.624022
		7.9596724567	0.000000	10000	6.145994
		8.9546214382	0.000000	10000	5.357328
		12.9344627044	0.000000	10000	6.399101
		10.9445445904	0.000000	10000	6.291055
		4.9747952855	0.000000	10000	5.761898
		6.9647083618	0.000000	10000	5.652552
		7.9596674189	0.000000	10000	5.533798
		11.9394986095	0.000000	10000	5.975679
		11.9394986095	0.000000	10000	5.679309
		5.9697543426	0.000000	10000	5.797089
		5.9697543426	0.000000	10000	6.101707
		2.9848771713	0.000000	10000	5.142219
		8.9546264760	0.000000	10000	5.917967
		20.8941200477	0.000000	10000	6.327929
		7.9596724567	0.000000	10000	6.160373
	7	200	0.700000	1.000000	0.900000	50
		2.9848771713	0.000000	10000	7.856032
		3.9798362284	0.000000	10000	8.317893
		4.9747952855	0.000000	10000	7.591531
		5.9697543426	0.000000	10000	7.899395
		4.9747952855	0.000000	10000	7.077401
		11.9394986095	0.000000	10000	8.045879
		4.9747952855	0.000000	10000	8.012691
		4.9747952855	0.000000	10000	8.228046
		12.9344576666	0.000000	10000	8.934395
		3.9798362284	0.000000	10000	8.055286
		13.9294167332	0.000000	10000	8.562084
		5.9697543426	0.000000	10000	8.272327
		8.9546264760	0.000000	10000	8.273223
		4.9747952855	0.000000	10000	8.254262
		6.9647083618	0.000000	10000	7.625953
		14.9243757808	0.000000	10000	8.796839
		7.9596674189	0.000000	10000	8.399256
		9.9495855331	0.000000	10000	8.594073
		6.9647133997	0.000000	10000	8.242909
		8.9546264760	0.000000	10000	8.055033
		11.9394986095	0.000000	10000	8.443830
		4.9747952855	0.000000	10000	7.452641
		8.9546264760	0.000000	10000	7.761005
		5.9697543426	0.000000	10000	8.442329
		10.9445445902	0.000000	10000	8.786111
		8.9546264786	0.000000	10000	8.011211
		4.9747952855	0.000000	10000	8.711095
		1.9899181142	0.000000	10000	7.290483
		5.9697543426	0.000000	10000	8.631403
		6.9647133997	0.000000	10000	8.369772
8
	8	50	0.700000	1.000000	0.900000	12
		0.0621461225	0.000000	10000	2.291764
		0.0172378992	0.000000	10000	2.024427
		0.0716010571	0.000000	10000	2.218941
		0.0541078490	0.000000	10000	2.173236
		0.0222264130	0.000000	10000	2.038182
		0.0524164844	0.000000	10000	2.146339
		0.0870776886	0.000000	10000	2.201620
		0.0123507293	0.000000	10000	2.045436
		0.0098718584	0.000000	10000	1.941088
		0.0418584459	0.000000	10000	2.071120
		0.0402692580	0.000000	10000	2.154141
		0.0221649301	0.000000	10000	2.023716
		0.0296627835	0.000000	10000	2.123419
		0.0271310446	0.000000	10000	2.080921
		0.0269233103	0.000000	10000	2.027572
		0.0198425850	0.000000	10000	2.055133
		0.0492717333	0.000000	10000	2.169006
		0.1525733258	0.000000	10000	2.342965
		0.0330103477	0.000000	10000	2.153916
		0.0196990740	0.000000	10000	2.100590
		0.0763293370	0.000000	10000	2.310080
		0.0567271398	0.000000	10000	2.173371
		0.0567043351	0.000000	10000	2.160636
		0.0344740991	0.000000	10000	2.241175
		0.0406077936	0.000000	10000	2.218056
		0.0247741745	0.000000	10000	2.252957
		0.0249216873	0.000000	10000	2.129860
		0.0591602163	0.000000	10000	2.237697
		0.0910667486	0.000000	10000	2.327360
		0.0420401839	0.000000	10000	2.167593
	8	100	0.700000	1.000000	0.900000	25
		0.0246371179	0.000000	10000	4.731088
		0.0541431161	0.000000	10000	4.990455
		0.0491786554	0.000000	10000	4.684637
		0.0270377030	0.000000	10000	4.446265
		0.0491931151	0.000000	10000	4.861146
		0.0762645554	0.000000	10000	4.791903
		0.0467441672	0.000000	10000	4.890528
		0.0344673617	0.000000	10000	4.609009
		0.0196784634	0.000000	10000	4.453827
		0.0172262939	0.000000	10000	4.433617
		0.1008723722	0.000000	10000	5.074418
		0.0344944762	0.000000	10000	4.748389
		0.0369605321	0.000000	10000	4.718470
		0.1032842949	0.000000	10000	5.091840
		0.0147797818	0.000000	10000	4.492880
		0.1452456349	0.000000	10000	5.106306
		0.0640270211	0.000000	10000	4.932870
		0.0319668030	0.000000	10000	4.622147
		0.0196777378	0.000000	10000	4.526845
		0.0737933772	0.000000	10000	4.897827
		0.0344627486	0.000000	10000	4.889325
		0.0639533624	0.000000	10000	4.954462
		0.0737958080	0.000000	10000	4.890428
		0.0270632881	0.000000	10000	4.546487
		0.0492423309	0.000000	10000	4.615560
		0.0172354884	0.000000	10000	4.585604
		0.0368721389	0.000000	10000	4.581049
		0.0418805378	0.000000	10000	4.561506
		0.0007199035	0.000000	65	0.036107
		0.0259529679	0.000000	10000	4.649593
	8	150	0.700000	1.000000	0.900000	37
		0.1008525360	0.000000	10000	7.591971
		0.0443073829	0.000000	10000	7.111337
		0.0909558751	0.000000	10000	7.285977
		0.0516396732	0.000000	10000	6.811095
		0.1353246038	0.000000	10000	7.420833
		0.0320134277	0.000000	10000	6.867470
		0.0123209891	0.000000	10000	6.731248
		0.0418094024	0.000000	10000	7.063610
		0.0664121721	0.000000	10000	7.269706
		0.0689542829	0.000000	10000	6.842202
		0.0689542829	0.000000	10000	7.079169
		0.0270369980	0.000000	10000	6.579413
		0.0664194233	0.000000	10000	7.481069
		0.0517059021	0.000000	10000	6.877229
		0.0418387919	0.000000	10000	6.727113
		0.0492078204	0.000000	10000	7.103175
		0.0147818475	0.000000	10000	6.453361
		0.0369236480	0.000000	10000	7.185338
		0.0763897040	0.000000	10000	7.357516
		0.2409891399	0.000000	10000	7.541373
		0.0295546698	0.000000	10000	6.567354
		0.0762375003	0.000000	10000	7.142597
		0.0147797768	0.000000	10000	6.277161
		0.0714057222	0.000000	10000	6.902672
		0.0098572846	0.000000	10000	6.564809
		0.0787182529	0.000000	10000	7.355246
		0.0540544053	0.000000	10000	6.830827
		0.0467147262	0.000000	10000	6.922380
		0.0762423210	0.000000	10000	7.306021
		0.0073960403	0.000000	10000	6.030213
	8	200	0.700000	1.000000	0.900000	50
		0.0270174201	0.000000	10000	9.090986
		0.0540984597	0.000000	10000	9.789374
		0.1156591704	0.000000	10000	10.313338
		0.0788460384	0.000000	10000	10.427771
		0.0393751401	0.000000	10000	9.542319
		0.0369236480	0.000000	10000	9.990082
		0.0467221595	0.000000	10000	9.120115
		0.0123209889	0.000000	10000	9.043987
		0.1329395170	0.000000	10000	10.305531
		0.0294982417	0.000000	10000	9.147736
		0.0369163529	0.000000	10000	9.612239
		0.0835942651	0.000000	10000	10.197508
		0.0246444487	0.000000	10000	9.185287
		0.0172410209	0.000000	10000	9.662571
		0.0319716899	0.000000	10000	8.964676
		0.0417971938	0.000000	10000	9.941269
		0.0443073829	0.000000	10000	9.891445
		0.0541180388	0.000000	10000	9.497934
		0.0984035374	0.000000	10000	10.459066
		0.0565425838	0.000000	10000	9.805583
		0.0590724918	0.000000	10000	10.044104
		0.0467416749	0.000000	10000	9.706243
		0.0517354019	0.000000	10000	9.535512
		0.0811353939	0.000000	10000	10.227079
		0.0837267636	0.000000	10000	10.156422
		0.0443664048	0.000000	10000	10.097577
		0.0541966568	0.000000	10000	10.344995
		0.0492839546	0.000000	10000	9.218077
		0.0566161355	0.000000	10000	10.831337
		0.0492569010	0.000000	10000	9.510093
9
	9	50	0.700000	1.000000	0.900000	12
		25.9457930692	0.000000	10000	5.738877
		10.4278369521	0.000000	10000	5.756132
		5.2862478727	0.000000	10000	5.737863
		3.7961085069	0.000000	10000	5.464634
		10.4276389591	0.000000	10000	5.463479
		33.2078107568	0.000000	10000	5.476874
		5.3783463756	0.000000	10000	5.481895
		3.2669181779	0.000000	10000	5.453919
		12.3649288767	0.000000	10000	5.474890
		8.0265342500	0.000000	10000	5.468972
		50.7255483113	0.000000	10000	5.275852
		7.5992114475	0.000000	10000	5.177439
		31.8504325619	0.000000	10000	5.197796
		15.9414212726	0.000000	10000	5.168772
		33.5606777903	0.000000	10000	5.210827
		3.1939793940	0.000000	10000	5.179056
		2.0040768310	0.000000	10000	5.173848
		3.6248388564	0.000000	10000	5.185681
		5.1788879090	0.000000	10000	5.173702
		25.1314197900	0.000000	10000	5.159979
		0.3196069884	0.000000	10000	5.179499
		4.9054379467	0.000000	10000	5.177961
		15.3559720984	0.000000	10000	5.206925
		0.3730790086	0.000000	10000	5.183282
		1.4378591248	0.000000	10000	5.171278
		28.0745774774	0.000000	10000	5.186223
		6.5458040560	0.000000	10000	5.189341
		5.5447803404	0.000000	10000	5.180464
		11.9102086940	0.000000	10000	5.185631
		7.3266558817	0.000000	10000	5.171909
	9	100	0.700000	1.000000	0.900000	25
		0.5685014891	0.000000	10000	10.774845
		1.1014453600	0.000000	10000	10.772580
		0.4394933608	0.000000	10000	10.873470
		3.4527791232	0.000000	10000	10.847573
		0.4905349547	0.000000	10000	11.323914
		1.9559648397	0.000000	10000	11.180473
		0.1878207748	0.000000	10000	10.803742
		0.2134472755	0.000000	10000	10.803374
		0.5621070798	0.000000	10000	10.879459
		4.6851819470	0.000000	10000	10.808186
		0.3615603693	0.000000	10000	10.803766
		3.2032930176	0.000000	10000	10.886974
		0.9517671313	0.000000	10000	11.188757
		2.1444064981	0.000000	10000	10.815470
		1.8590695353	0.000000	10000	10.860926
		2.9466641316	0.000000	10000	10.775184
		0.4506505364	0.000000	10000	10.787063
		0.3747962419	0.000000	10000	10.879297
		1.6019626682	0.000000	10000	10.818362
		2.0043191061	0.000000	10000	10.775425
		10.0870409154	0.000000	10000	10.861653
		0.4415529737	0.000000	10000	10.806373
		0.1642772944	0.000000	10000	10.812832
		7.8477819800	0.000000	10000	10.867799
		0.3068976275	0.000000	10000	10.814952
		1.4014520113	0.000000	10000	10.814995
		3.8977913606	0.000000	10000	10.863047
		0.5008710023	0.000000	10000	10.802483
		0.5366966586	0.000000	10000	11.090098
		4.4320421933	0.000000	10000	11.061950
	9	150	0.700000	1.000000	0.900000	37
		1.3232796758	0.000000	10000	16.269307
		0.3348788860	0.000000	10000	16.279438
		0.1636018339	0.000000	10000	16.338946
		0.4633250833	0.000000	10000	16.232016
		0.2097077700	0.000000	10000	16.208227
		0.7353327215	0.000000	10000	16.302519
		0.1737306453	0.000000	10000	16.347381
		0.0389408928	0.000000	10000	16.245123
		0.6564035067	0.000000	10000	16.275763
		1.3931115649	0.000000	10000	16.377151
		1.5348618107	0.000000	10000	16.276096
		0.2438664501	0.000000	10000	16.261075
		3.2482216291	0.000000	10000	16.278668
		0.2364297643	0.000000	10000	16.263864
		0.3131085383	0.000000	10000	16.219878
		0.3156611084	0.000000	10000	16.226391
		0.2225467732	0.000000	10000	16.406065
		1.5794777063	0.000000	10000	16.251157
		0.3676214857	0.000000	10000	16.309435
		0.3822286004	0.000000	10000	16.336332
		1.3546332164	0.000000	10000	16.283818
		0.1479101692	0.000000	10000	16.214038
		2.3302931418	0.000000	10000	16.272618
		0.0739961490	0.000000	10000	16.228037
		0.1660704639	0.000000	10000	16.271217
		3.5525745822	0.000000	10000	16.281876
		2.0096647150	0.000000	10000	16.379850
		4.5484337557	0.000000	10000	16.287246
		0.0870309209	0.000000	10000	16.309076
		0.7863877365	0.000000	10000	16.272846
	9	200	0.700000	1.000000	0.900000	50
		1.1153492074	0.000000	10000	22.270607
		0.3428439542	0.000000	10000	22.470111
		1.1466893761	0.000000	10000	22.485148
		0.2819604925	0.000000	10000	22.132095
		1.2498641760	0.000000	10000	22.340265
		0.1638939878	0.000000	10000	22.321108
		1.3319520847	0.000000	10000	22.270179
		0.0614098841	0.000000	10000	22.193771
		0.0240669339	0.000000	10000	22.179796
		0.0213233795	0.000000	10000	22.147758
		2.9609386872	0.000000	10000	22.409305
		0.0350473842	0.000000	10000	22.213829
		0.1260690596	0.000000	10000	22.266447
		0.2488868799	0.000000	10000	22.347066
		0.0451783510	0.000000	10000	22.170839
		2.0236033271	0.000000	10000	22.181288
		0.3066773305	0.000000	10000	22.343876
		0.2450037987	0.000000	10000	22.164753
		1.1849696930	0.000000	10000	22.469795
		0.0810930889	0.000000	10000	22.311555
		0.2136669801	0.000000	10000	22.221170
		0.1569470438	0.000000	10000	22.149121
		0.2209873883	0.000000	10000	22.401672
		0.7388733494	0.000000	10000	22.518708
		0.2377162640	0.000000	10000	22.434590
		1.1710733055	0.000000	10000	22.462014
		0.2862620946	0.000000	10000	22.213425
		0.2665052059	0.000000	10000	22.435594
		1.0159579799	0.000000	10000	22.289339
		2.4223516605	0.000000	10000	22.150392
10
	10	50	0.700000	1.000000	0.900000	12
		1.1582506126	0.000000	10000	1.793319
		0.0009945291	0.000000	88	0.017869
		2.0133389337	0.000000	10000	1.874606
		1.1587422128	0.000000	10000	1.797976
		1.6462298307	0.000000	10000	1.849875
		1.1557294574	0.000000	10000	1.804940
		0.0651058861	0.000000	10000	1.762938
		1.1553240727	0.000000	10000	1.811535
		1.1551487291	0.000000	10000	1.775128
		1.1552591239	0.000000	10000	1.824398
		1.1551487368	0.000000	10000	1.808719
		0.0007498694	0.000000	93	0.019106
		0.0009939696	0.000000	96	0.026861
		1.6462283461	0.000000	10000	1.852882
		0.0021645524	0.000000	10000	1.726840
		1.1551487015	0.000000	10000	1.771996
		1.1551617381	0.000000	10000	1.805328
		0.0179286190	0.000000	10000	1.753695
		1.1552356627	0.000000	10000	1.809723
		0.0029747542	0.000000	10000	1.720976
		2.0133155326	0.000000	10000	1.882281
		2.0133892702	0.000000	10000	1.887831
		0.0048960926	0.000000	10000	1.720939
		0.0152506290	0.000000	10000	1.729477
		1.1551514388	0.000000	10000	1.828270
		1.1557993850	0.000000	10000	1.762343
		1.1551507480	0.000000	10000	1.813517
		1.1552354720	0.000000	10000	1.791385
		0.0203738340	0.000000	10000	1.778977
		1.1552091951	0.000000	10000	1.802546
	10	100	0.700000	1.000000	0.900000	25
		1.1551485541	0.000000	10000	3.900554
		1.1551485027	0.000000	10000	3.894222
		0.0009764444	0.000000	74	0.033344
		0.0009268073	0.000000	88	0.044211
		1.1551485028	0.000000	10000	3.876339
		0.0007505664	0.000000	86	0.038779
		0.0006860605	0.000000	71	0.038704
		0.0009878935	0.000000	74	0.037850
		0.0009900521	0.000000	68	0.034042
		0.0003317960	0.000000	65	0.033044
		0.0007900376	0.000000	94	0.045345
		1.1554715482	0.000000	10000	3.816061
		1.6462236331	0.000000	10000	3.883220
		0.0008703971	0.000000	74	0.033214
		0.0009320951	0.000000	90	0.046705
		0.0009694703	0.000000	84	0.040350
		0.0006242248	0.000000	75	0.038725
		0.0007216200	0.000000	81	0.041624
		1.1551485027	0.000000	10000	3.877379
		0.0008552741	0.000000	63	0.029041
		1.9401049976	0.000000	10000	4.010199
		0.0008029491	0.000000	77	0.034577
		1.1551485032	0.000000	10000	3.924170
		0.0009316888	0.000000	71	0.032095
		1.1551485027	0.000000	10000	3.905743
		1.6462236336	0.000000	10000	3.942195
		1.1551485027	0.000000	10000	3.907969
		0.0009973683	0.000000	86	0.038449
		0.0009194108	0.000000	88	0.046364
		0.0009823161	0.000000	79	0.041421
	10	150	0.700000	1.000000	0.900000	37
		0.0008994328	0.000000	80	0.066535
		0.0007223536	0.000000	64	0.054392
		0.0006876335	0.000000	71	0.060542
		0.0008981219	0.000000	73	0.056214
		0.0007671649	0.000000	65	0.050942
		0.0009468372	0.000000	68	0.059256
		0.0007366799	0.000000	66	0.052500
		0.0008463587	0.000000	78	0.066304
		0.0008746017	0.000000	64	0.054235
		1.6462236331	0.000000	10000	6.264179
		0.0009718974	0.000000	64	0.046959
		0.0007442864	0.000000	65	0.052809
		0.0009739447	0.000000	79	0.059765
		0.0009743106	0.000000	55	0.048945
		0.0009201688	0.000000	69	0.055595
		1.1551485027	0.000000	10000	6.153596
		0.0009930154	0.000000	70	0.050504
		0.0008338145	0.000000	58	0.046331
		0.0009976673	0.000000	67	0.057192
		0.0009193167	0.000000	71	0.059639
		0.0009903292	0.000000	75	0.059469
		0.0009568440	0.000000	65	0.049985
		0.0008046974	0.000000	81	0.063146
		0.0009610137	0.000000	70	0.060968
		0.0006637983	0.000000	68	0.055427
		0.0008848612	0.000000	70	0.056981
		0.0007953344	0.000000	59	0.049364
		0.0009318177	0.000000	72	0.055255
		0.0008720814	0.000000	72	0.055872
		0.0009011447	0.000000	65	0.050247
	10	200	0.700000	1.000000	0.900000	50
		1.6462236331	0.000000	10000	8.862765
		0.0009019228	0.000000	63	0.065154
		0.0007001108	0.000000	65	0.072116
		1.6462236331	0.000000	10000	8.684204
		1.1551485027	0.000000	10000	8.693336
		0.0009345158	0.000000	63	0.065359
		0.0008767257	0.000000	81	0.085044
		0.0009108357	0.000000	72	0.081555
		0.0009338444	0.000000	65	0.075291
		0.0008553161	0.000000	70	0.080548
		0.0008881004	0.000000	61	0.069902
		0.0007025684	0.000000	73	0.079517
		0.0008508767	0.000000	64	0.073147
		1.1551485027	0.000000	10000	8.776048
		0.0009018716	0.000000	79	0.079859
		0.0004333054	0.000000	68	0.078599
		0.0009103734	0.000000	61	0.069351
		0.0009553775	0.000000	73	0.080911
		0.0009796368	0.000000	64	0.075291
		0.0007740759	0.000000	68	0.074345
		0.0007755143	0.000000	59	0.068790
		0.0009732795	0.000000	63	0.075298
		1.1551485027	0.000000	10000	8.886805
		0.0009910416	0.000000	80	0.083264
		2.3168487918	0.000000	10000	8.989870
		1.1551485027	0.000000	10000	8.723939
		0.0007759064	0.000000	67	0.069535
		0.0008718550	0.000000	65	0.070985
		0.0007573600	0.000000	62	0.069779
		0.0009636691	0.000000	67	0.074901
