1
	1	50	25	12
		0.0000017242	0.000000	2	0.006486
		0.0000000005	0.000000	37	0.120761
		0.0000000000	0.000000	12	0.039043
		0.0000000003	0.000000	40	0.130491
		0.0000002042	0.000000	3	0.009708
		0.0000001347	0.000000	70	0.228693
		0.0000011367	0.000000	40	0.130551
		0.0000000002	0.000000	10	0.032580
		0.0000000074	0.000000	1	0.003194
		0.0000000030	0.000000	24	0.078336
		0.0000000003	0.000000	7	0.022821
		0.0000000345	0.000000	3	0.009705
		0.0000000239	0.000000	4	0.012969
		0.0000001376	0.000000	86	0.280520
		0.0000042469	0.000000	16	0.052173
		0.0000000183	0.000000	76	0.247883
		0.0000000667	0.000000	1	0.003194
		0.0000000105	0.000000	65	0.212115
		0.0000000281	0.000000	67	0.218516
		0.0000000786	0.000000	97	0.316559
		0.0000000000	0.000000	116	0.378360
		0.0000000292	0.000000	109	0.355686
		0.0000000003	0.000000	7	0.022810
		0.0000000006	0.000000	29	0.094521
		0.0000000295	0.000000	41	0.133664
		0.0000000002	0.000000	9	0.029301
		0.0000000000	0.000000	46	0.150154
		0.0000000019	0.000000	97	0.316547
		0.0000000521	0.000000	15	0.048938
		0.0000000000	0.000000	11	0.035875
	1	100	50	25
		0.0000001396	0.000000	214	1.430882
		0.0000000011	0.000000	136	0.910692
		0.0000015945	0.000000	61	0.407776
		0.0000000044	0.000000	245	1.637882
		0.0000000263	0.000000	1224	8.184539
		0.0000000009	0.000000	314	2.100829
		0.0000000867	0.000000	126	0.842266
		0.0000037963	0.000000	350	2.340931
		0.0000000004	0.000000	200	1.338099
		0.0000000002	0.000000	162	1.083239
		0.0000000191	0.000000	47	0.314451
		0.0000006885	0.000000	34	0.227355
		0.0000003544	0.000000	124	0.828857
		0.0000000351	0.000000	3	0.019889
		0.0000000006	0.000000	339	2.267276
		0.0000003235	0.000000	413	2.761897
		0.0000028739	0.000000	106	0.709317
		0.0000001048	0.000000	292	1.953080
		0.0000000023	0.000000	85	0.567942
		0.0000000009	0.000000	104	0.695446
		0.0000002727	0.000000	222	1.484253
		0.0000000009	0.000000	342	2.286739
		0.0000000507	0.000000	25	0.167066
		0.0000000095	0.000000	1054	7.048060
		0.0000006057	0.000000	18	0.120359
		0.0000000000	0.000000	16	0.106814
		0.0000000011	0.000000	105	0.701967
		0.0000000000	0.000000	171	1.143960
		0.0000054299	0.000000	141	0.942563
		0.0000085989	0.000000	65	0.435025
	1	150	75	37
		0.0000000000	0.000000	381	3.812244
		0.0000081631	0.000000	52	0.520467
		0.0000000097	0.000000	478	4.782473
		0.0000000000	0.000000	217	2.170584
		0.0000001185	0.000000	31	0.309769
		0.0000087767	0.000000	14	0.140171
		0.0000000141	0.000000	65	0.649994
		0.0000000040	0.000000	256	2.561054
		0.0000001121	0.000000	1689	16.899120
		0.0000000006	0.000000	209	2.090396
		0.0000056029	0.000000	49	0.490119
		0.0000000030	0.000000	1348	13.493582
		0.0000000003	0.000000	803	8.035466
		0.0000000005	0.000000	1122	11.225829
		0.0000000250	0.000000	722	7.224161
		0.0000000029	0.000000	169	1.691411
		0.0000000140	0.000000	21	0.209893
		0.0000000000	0.000000	396	3.961557
		0.0000000001	0.000000	187	1.871257
		0.0000000018	0.000000	688	6.883181
		0.0000000125	0.000000	90	0.900170
		0.0000000007	0.000000	510	5.102877
		0.0000000462	0.000000	629	6.293938
		0.0000000074	0.000000	531	5.312720
		0.0000000026	0.000000	1094	10.945721
		0.0000000000	0.000000	868	8.683742
		0.0000046546	0.000000	320	3.201604
		0.0000000002	0.000000	23	0.229994
		0.0000000003	0.000000	310	3.101772
		0.0000000058	0.000000	145	1.450156
	1	200	100	50
		0.0000000015	0.000000	260	3.493580
		0.0000000072	0.000000	572	7.685354
		0.0000000005	0.000000	891	11.971486
		0.0000000001	0.000000	420	5.644434
		0.0000000005	0.000000	332	4.460786
		0.0000000018	0.000000	220	2.955687
		0.0000000483	0.000000	219	2.941992
		0.0000000008	0.000000	865	11.622991
		0.0000000000	0.000000	822	11.045371
		0.0000000001	0.000000	1034	13.893971
		0.0000000001	0.000000	9	0.120698
		0.0000000000	0.000000	865	11.628111
		0.0000000044	0.000000	4099	55.081578
		0.0000000001	0.000000	7	0.093804
		0.0000038041	0.000000	204	2.741668
		0.0000094626	0.000000	375	5.039069
		0.0000000126	0.000000	1691	22.722124
		0.0000000000	0.000000	825	11.085571
		0.0000000000	0.000000	965	12.967295
		0.0000069459	0.000000	285	3.830788
		0.0000000000	0.000000	154	2.069480
		0.0000000001	0.000000	306	4.111764
		0.0000000000	0.000000	793	10.657192
		0.0000000618	0.000000	328	4.407480
		0.0000000040	0.000000	631	8.479428
		0.0000000000	0.000000	884	11.878012
		0.0000000025	0.000000	359	4.822785
		0.0000000087	0.000000	179	2.404543
		0.0000000000	0.000000	74	0.993809
		0.0000000594	0.000000	232	3.116527
2
	2	50	25	12
		0.0000062259	0.000000	2098	6.837065
		0.0000043332	0.000000	886	2.886521
		0.0000051908	0.000000	1478	4.816474
		0.0000000981	0.000000	651	2.121307
		0.0000042068	0.000000	2734	8.909618
		0.0000010945	0.000000	286	0.932414
		0.0000033584	0.000000	44	0.143127
		0.0000002724	0.000000	703	2.290724
		0.0000018293	0.000000	325	1.059768
		0.0000058242	0.000000	2050	6.679651
		0.0000076317	0.000000	86	0.280267
		0.0000063300	0.000000	323	1.052246
		0.0000045911	0.000000	504	1.642572
		0.0000052636	0.000000	160	0.521242
		0.0000027911	0.000000	522	1.701329
		0.0000060539	0.000000	1248	4.065458
		0.0000040073	0.000000	67	0.217946
		0.0000006432	0.000000	1506	4.906681
		0.0000051135	0.000000	911	2.968309
		0.0000051820	0.000000	3236	10.544253
		0.0000003729	0.000000	37	0.120487
		0.0000050445	0.000000	2056	6.699675
		0.0000075327	0.000000	456	1.485696
		0.0000026196	0.000000	259	0.843589
		0.0000050996	0.000000	2113	6.885857
		0.0000092919	0.000000	307	1.000078
		0.0000021642	0.000000	115	0.374787
		0.0000044365	0.000000	1652	5.383912
		0.0000015793	0.000000	562	1.831051
		0.0000004844	0.000000	642	2.090855
	2	100	50	25
		0.0000074398	0.000000	1529	10.177782
		0.0000003130	0.000000	2620	17.441993
		0.0000002922	0.000000	984	6.550005
		0.0000048329	0.000000	1447	9.632040
		0.0000054440	0.000000	273	1.817188
		0.0000021189	0.000000	128	0.853139
		0.0000017480	0.000000	597	3.975612
		0.0000050289	0.000000	2290	15.242857
		0.0000038417	0.000000	759	5.052872
		0.0000077941	0.000000	1197	7.967801
		0.0000080217	0.000000	857	5.704276
		0.0000094048	0.000000	3268	21.756218
		0.0000093003	0.000000	980	6.522889
		0.0000003316	0.000000	1197	7.967496
		0.0000095043	0.000000	69	0.459690
		0.0000034349	0.000000	1980	13.178993
		0.0000000343	0.000000	3572	23.774763
		0.0000042986	0.000000	617	4.106492
		0.0000001346	0.000000	1028	6.842401
		0.0000047660	0.000000	1931	12.854474
		0.0000040065	0.000000	1322	8.798334
		0.0000005433	0.000000	518	3.446785
		0.0000002437	0.000000	3327	22.145623
		0.0000012572	0.000000	523	3.481260
		0.0000044863	0.000000	203	1.351129
		0.0000001548	0.000000	1889	12.574162
		0.0000036308	0.000000	443	2.948022
		0.0000089067	0.000000	679	4.520720
		0.0000029725	0.000000	400	2.662511
		0.0000058210	0.000000	25	0.166214
	2	150	75	37
		0.0000003778	0.000000	325	3.233368
		0.0000026393	0.000000	297	2.954203
		0.0000000634	0.000000	3781	37.613985
		0.0000001017	0.000000	1426	14.186080
		0.0000049125	0.000000	352	3.501980
		0.0000009449	0.000000	773	7.690686
		0.0000074374	0.000000	2045	20.351277
		0.0000093443	0.000000	1548	15.398970
		0.0000000208	0.000000	7690	76.501552
		0.0000011591	0.000000	1932	19.220271
		0.0000010948	0.000000	1778	17.687118
		0.0000003320	0.000000	2271	22.591809
		0.0000063974	0.000000	882	8.773780
		0.0000017684	0.000000	628	6.248086
		0.0000050587	0.000000	732	7.283230
		0.0000000469	0.000000	7513	74.772732
		0.0000015275	0.000000	1950	19.399305
		0.0000011992	0.000000	1582	15.738642
		0.0000002440	0.000000	1869	18.595768
		0.0000089743	0.000000	746	7.421158
		0.0000002889	0.000000	845	8.407074
		0.0000074367	0.000000	1867	18.574609
		0.0000019183	0.000000	1282	12.753973
		0.0000022134	0.000000	649	6.457364
		0.0000024268	0.000000	689	6.854359
		0.0000001126	0.000000	106	1.054368
		0.0000015007	0.000000	747	7.431192
		0.0000071536	0.000000	564	5.610533
		0.0000013256	0.000000	2258	22.460516
		0.0000007275	0.000000	1397	13.896964
	2	200	100	50
		0.0000085634	0.000000	3057	41.007761
		0.0000006338	0.000000	251	3.367615
		0.0000039812	0.000000	2093	28.076937
		0.0000057974	0.000000	38	0.509701
		0.0000006923	0.000000	636	8.532917
		0.0000012442	0.000000	708	9.498221
		0.0000013762	0.000000	3334	44.734287
		0.0000078598	0.000000	3670	49.243009
		0.0000001105	0.000000	2349	31.515817
		0.0000099549	0.000000	2325	31.196985
		0.0000031630	0.000000	995	13.349030
		0.0000000716	0.000000	1978	26.540240
		0.0000008425	0.000000	1288	17.277815
		0.0000004941	0.000000	2971	39.858991
		0.0000000242	0.000000	2265	30.392473
		0.0000000544	0.000000	4003	55.872502
		0.0000002204	0.000000	5310	71.237235
		0.0000039200	0.000000	8317	111.583469
		0.0000040529	0.000000	732	9.817298
		0.0000021827	0.000000	3886	52.121499
		0.0000044373	0.000000	274	3.674667
		0.0000001576	0.000000	366	4.908071
		0.0000000041	0.000000	2010	26.954936
		0.0000002372	0.000000	3974	53.306691
		0.0000003434	0.000000	2318	31.089606
		0.0000076157	0.000000	3282	44.029395
		0.0000076058	0.000000	34	0.456129
		0.0000008164	0.000000	1841	24.697893
		0.0000001182	0.000000	561	7.525548
		0.0000022799	0.000000	1391	18.657690
3
	3	50	25	12
		0.0000000000	0.000000	174	0.819262
		0.0000000000	0.000000	1317	6.200455
		0.0000000000	0.000000	373	1.754930
		0.0000000000	0.000000	169	0.795243
		0.0000000000	0.000000	770	3.626553
		0.0000000000	0.000000	230	1.083137
		0.0000000000	0.000000	148	0.697009
		0.0000000000	0.000000	537	2.528689
		0.0000000000	0.000000	10	0.046964
		0.0000000000	0.000000	853	4.014105
		0.0000000000	0.000000	42	0.197440
		0.0000000000	0.000000	352	1.656992
		0.0000000000	0.000000	167	0.786312
		0.0000000000	0.000000	266	1.251791
		0.0000000000	0.000000	318	1.497413
		0.0000000000	0.000000	393	1.849432
		0.0000000000	0.000000	196	0.922667
		0.0000000000	0.000000	657	3.093601
		0.0000000000	0.000000	7	0.032982
		0.0000000000	0.000000	797	3.752553
		0.0000000000	0.000000	233	1.096288
		0.0000000000	0.000000	663	3.121926
		0.0000000000	0.000000	542	2.552127
		0.0000000000	0.000000	335	1.577744
		0.0000000000	0.000000	478	2.251136
		0.0000000000	0.000000	1512	7.118075
		0.0000000000	0.000000	1403	6.603410
		0.0000000000	0.000000	411	1.935299
		0.0000000000	0.000000	818	3.848311
		0.0000000000	0.000000	95	0.447210
	3	100	50	25
		0.0000000000	0.000000	1057	10.100160
		0.0000000000	0.000000	14	0.133813
		0.0000000000	0.000000	41	0.392652
		0.0000000000	0.000000	406	3.885632
		0.0000000000	0.000000	127	1.215171
		0.0000000000	0.000000	278	2.659400
		0.0000000000	0.000000	938	8.974604
		0.0000000000	0.000000	194	1.856192
		0.0000000000	0.000000	832	7.959550
		0.0000000000	0.000000	662	6.331395
		0.0000000000	0.000000	150	1.435358
		0.0000000000	0.000000	337	3.223084
		0.0000000000	0.000000	414	3.961670
		0.0000000000	0.000000	274	2.621232
		0.0000000000	0.000000	237	2.268439
		0.0000000000	0.000000	264	2.527063
		0.0000000000	0.000000	254	2.431225
		0.0000000000	0.000000	48	0.459231
		0.0000000000	0.000000	45	0.430240
		0.0000000000	0.000000	299	2.861538
		0.0000000000	0.000000	288	2.755758
		0.0000000000	0.000000	520	4.975095
		0.0000000000	0.000000	209	1.998728
		0.0000000000	0.000000	68	0.650552
		0.0000000000	0.000000	611	5.846821
		0.0000000000	0.000000	736	7.040891
		0.0000000000	0.000000	27	0.258277
		0.0000000000	0.000000	499	4.773388
		0.0000000000	0.000000	299	2.860836
		0.0000000000	0.000000	550	5.263330
	3	150	75	37
		0.0000000000	0.000000	201	2.883998
		0.0000000000	0.000000	271	3.887103
		0.0000000000	0.000000	476	6.830127
		0.0000000000	0.000000	108	1.549618
		0.0000000000	0.000000	504	7.230542
		0.0000000000	0.000000	57	0.817809
		0.0000000000	0.000000	333	4.777229
		0.0000000000	0.000000	49	0.702829
		0.0000000000	0.000000	215	3.084044
		0.0000000000	0.000000	180	2.582749
		0.0000000000	0.000000	44	0.631193
		0.0000000000	0.000000	641	9.195927
		0.0000000000	0.000000	102	1.462659
		0.0000000000	0.000000	519	7.443909
		0.0000000000	0.000000	969	13.904977
		0.0000000000	0.000000	21	0.301388
		0.0000000000	0.000000	306	4.389980
		0.0000000000	0.000000	139	1.993904
		0.0000000000	0.000000	348	4.991897
		0.0000000000	0.000000	591	8.479749
		0.0000000000	0.000000	347	4.977313
		0.0000000000	0.000000	194	2.782444
		0.0000000000	0.000000	191	2.739676
		0.0000000000	0.000000	435	6.239804
		0.0000000000	0.000000	85	1.218980
		0.0000000000	0.000000	52	0.745958
		0.0000000000	0.000000	337	4.834181
		0.0000000000	0.000000	351	5.036715
		0.0000000000	0.000000	56	0.803425
		0.0000000000	0.000000	78	1.118493
	3	200	100	50
		0.0000000000	0.000000	250	4.814039
		0.0000000000	0.000000	499	9.610658
		0.0000000000	0.000000	254	4.891535
		0.0000000000	0.000000	430	8.281163
		0.0000000000	0.000000	135	2.599945
		0.0000000000	0.000000	10	0.192652
		0.0000000000	0.000000	27	0.519218
		0.0000000000	0.000000	315	6.061976
		0.0000000000	0.000000	63	1.213281
		0.0000000000	0.000000	118	2.271062
		0.0000000000	0.000000	32	0.616491
		0.0000000000	0.000000	285	5.487086
		0.0000000000	0.000000	249	4.790834
		0.0000000000	0.000000	418	8.052475
		0.0000000000	0.000000	494	9.516290
		0.0000000000	0.000000	795	15.309845
		0.0000000000	0.000000	212	4.082290
		0.0000000000	0.000000	349	6.723539
		0.0000000000	0.000000	315	6.068469
		0.0000000000	0.000000	150	2.889039
		0.0000000000	0.000000	244	4.700021
		0.0000000000	0.000000	1164	22.424595
		0.0000000000	0.000000	152	2.928317
		0.0000000000	0.000000	1258	24.232609
		0.0000000000	0.000000	101	1.945893
		0.0000000000	0.000000	435	8.378903
		0.0000000000	0.000000	128	2.466429
		0.0000000000	0.000000	58	1.117369
		0.0000000000	0.000000	91	1.753679
		0.0000000000	0.000000	665	12.812465
4
	4	50	25	12
		0.0075401913	0.000000	10000	48.494054
		0.0078442842	0.000000	10000	48.495241
		0.0087634164	0.000000	10000	48.497223
		0.0054577691	0.000000	10000	48.529326
		0.0033779051	0.000000	10000	48.492574
		0.0063109373	0.000000	10000	48.495133
		0.0082996010	0.000000	10000	48.480896
		0.0050653074	0.000000	10000	48.487731
		0.0076109455	0.000000	10000	48.499326
		0.0109207268	0.000000	10000	48.497887
		0.0066838656	0.000000	10000	48.489908
		0.0114350968	0.000000	10000	48.489965
		0.0047379966	0.000000	10000	48.486624
		0.0057449243	0.000000	10000	48.500296
		0.0074539702	0.000000	10000	48.498566
		0.0055139776	0.000000	10000	48.484461
		0.0087938847	0.000000	10000	51.436127
		0.0066561613	0.000000	10000	49.382472
		0.0067861950	0.000000	10000	48.487970
		0.0059078799	0.000000	10000	48.488488
		0.0051155605	0.000000	10000	48.483934
		0.0039034221	0.000000	10000	48.509081
		0.0046644918	0.000000	10000	48.488661
		0.0072137750	0.000000	10000	48.486380
		0.0035853043	0.000000	10000	48.516094
		0.0088839705	0.000000	10000	48.487305
		0.0061724562	0.000000	10000	48.489497
		0.0037573586	0.000000	10000	48.486370
		0.0084003648	0.000000	10000	48.530966
		0.0089790701	0.000000	10000	48.498561
	4	100	50	25
		0.0082253226	0.000000	10000	98.884043
		0.0073296312	0.000000	10000	98.884354
		0.0058798346	0.000000	10000	98.875315
		0.0056970700	0.000000	10000	98.890486
		0.0069760097	0.000000	10000	98.910860
		0.0049365270	0.000000	10000	98.880751
		0.0068974966	0.000000	10000	98.886923
		0.0072644977	0.000000	10000	98.886770
		0.0054309692	0.000000	10000	98.885260
		0.0073903699	0.000000	10000	98.887195
		0.0029978560	0.000000	10000	98.889213
		0.0047692482	0.000000	10000	116.642201
		0.0034721880	0.000000	10000	139.226714
		0.0058844327	0.000000	10000	98.922133
		0.0024809457	0.000000	10000	98.917493
		0.0063964315	0.000000	10000	98.914522
		0.0089951702	0.000000	10000	98.928548
		0.0056534634	0.000000	10000	98.903541
		0.0086129110	0.000000	10000	98.899316
		0.0054431508	0.000000	10000	98.870435
		0.0076196175	0.000000	10000	98.861214
		0.0044085027	0.000000	10000	98.987465
		0.0039349139	0.000000	10000	98.864195
		0.0051307523	0.000000	10000	98.871439
		0.0011155835	0.000000	10000	98.870357
		0.0052230265	0.000000	10000	98.862222
		0.0048960368	0.000000	10000	98.863012
		0.0084036068	0.000000	10000	98.864338
		0.0054278709	0.000000	10000	98.855524
		0.0055609249	0.000000	10000	150.952035
	4	150	75	37
		0.0051438878	0.000000	10000	215.961259
		0.0048749745	0.000000	10000	147.646551
		0.0050208034	0.000000	10000	147.646181
		0.0048161753	0.000000	10000	147.645921
		0.0062138488	0.000000	10000	147.653117
		0.0049062480	0.000000	10000	147.647528
		0.0035933770	0.000000	10000	147.675623
		0.0051674705	0.000000	10000	147.646546
		0.0044958386	0.000000	10000	147.623823
		0.0070427634	0.000000	10000	147.902550
		0.0064974194	0.000000	10000	149.206897
		0.0040879283	0.000000	10000	148.887185
		0.0036351812	0.000000	10000	147.646707
		0.0062369885	0.000000	10000	147.645288
		0.0032426427	0.000000	10000	147.641632
		0.0036842346	0.000000	10000	147.638242
		0.0038815874	0.000000	10000	147.638281
		0.0067254606	0.000000	10000	147.644103
		0.0036799391	0.000000	10000	147.666778
		0.0033103004	0.000000	10000	147.647828
		0.0072525896	0.000000	10000	147.635579
		0.0038943451	0.000000	10000	147.643637
		0.0042430553	0.000000	10000	147.617775
		0.0037143128	0.000000	10000	149.885612
		0.0054145028	0.000000	10000	147.645116
		0.0033903470	0.000000	10000	147.657592
		0.0037965903	0.000000	10000	147.639685
		0.0049738224	0.000000	10000	147.668039
		0.0064841709	0.000000	10000	147.641769
		0.0063340853	0.000000	10000	147.971146
	4	200	100	50
		0.0052624406	0.000000	10000	198.858711
		0.0050559524	0.000000	10000	198.424675
		0.0022370750	0.000000	10000	198.351938
		0.0032182517	0.000000	10000	206.686356
		0.0044825567	0.000000	10000	200.134083
		0.0043264379	0.000000	10000	198.319058
		0.0058851946	0.000000	10000	198.358737
		0.0027960130	0.000000	10000	198.335785
		0.0039409414	0.000000	10000	198.334823
		0.0031729420	0.000000	10000	198.346232
		0.0015344142	0.000000	10000	198.343249
		0.0027835965	0.000000	10000	198.347533
		0.0022375388	0.000000	10000	212.638303
		0.0041120101	0.000000	10000	198.305371
		0.0025134935	0.000000	10000	293.650105
		0.0056486848	0.000000	10000	371.873675
		0.0025600219	0.000000	10000	371.861009
		0.0036125291	0.000000	10000	371.870769
		0.0056453195	0.000000	10000	371.904776
		0.0049547620	0.000000	10000	308.071514
		0.0028939136	0.000000	10000	198.350516
		0.0053090886	0.000000	10000	198.335397
		0.0039525232	0.000000	10000	198.321462
		0.0042373880	0.000000	10000	198.323095
		0.0050178527	0.000000	10000	198.339339
		0.0034460315	0.000000	10000	198.354248
		0.0051690657	0.000000	10000	229.490708
		0.0047053821	0.000000	10000	198.962506
		0.0052680031	0.000000	10000	198.326782
		0.0037066029	0.000000	10000	198.312320
5
	5	50	25	12
		-113651572957.3099822998	0.998000	10000	145.404869
		-77077881177.1153411865	0.998000	10000	145.406541
		-626299472257.5244140625	0.998000	10000	145.406489
		-19435300089.0628395081	0.998000	10000	161.703135
		-13887749872.6043090820	0.998000	10000	145.388292
		-10630090475.4376907349	0.998000	10000	145.398233
		-58537699517.7595443726	0.998000	10000	145.391697
		-55401062144.1544418335	0.998000	10000	206.757412
		-32802166780.6099472046	0.998000	10000	146.568650
		-23646942668.3881683350	0.998000	10000	145.417125
		-9492190726.3499546051	0.998000	10000	145.429918
		-16362944436.9442481995	0.998000	10000	145.392480
		-79327495423.4343109131	0.998000	10000	145.375995
		-60891007241.3128890991	0.998000	10000	145.375231
		-63587414593.0944366455	0.998000	10000	145.408024
		-173923187486.4000244141	0.998000	10000	145.417799
		-55984438889.1691665649	0.998000	10000	145.398792
		-405349039518.1914062500	0.998000	10000	145.377098
		-44905907718.1469345093	0.998000	10000	145.376395
		-294774216367.9725341797	0.998000	10000	154.682095
		-749327154986.6450195312	0.998000	10000	145.413672
		-9503659239.1709423065	0.998000	10000	145.405365
		-31036804419.5231666565	0.998000	10000	145.383405
		-20716591756.1478385925	0.998000	10000	145.376785
		-29991906566.2969856262	0.998000	10000	145.499311
		-1134679266046.6154785156	0.998000	10000	145.480176
		-41288736955.1779708862	0.998000	10000	145.378522
		-25679032922.9586143494	0.998000	10000	145.426805
		-101751089969.7393035889	0.998000	10000	145.394584
		-57613645949.3785934448	0.998000	10000	145.390479
	5	100	50	25
		-186145925997.6534118652	0.998000	10000	297.553092
		-14375131755329.9082031250	0.998000	10000	297.452855
		-114369514432.3319091797	0.998000	10000	297.532673
		-874113084124.7807617188	0.998000	10000	297.488804
		-112792847077.6418304443	0.998000	10000	297.442462
		-299517389455.9705200195	0.998000	10000	297.469135
		-853775607315.6052246094	0.998000	10000	318.475286
		-110032734305.0925903320	0.998000	10000	342.262069
		-1926206892726.2729492188	0.998000	10000	297.478377
		-121439874069.6363372803	0.998000	10000	297.460585
		-330178100572.5234375000	0.998000	10000	297.510125
		-360835086389.3775634766	0.998000	10000	297.531185
		-155067092214.2878417969	0.998000	10000	298.860263
		-123163275211.0353088379	0.998000	10000	297.525601
		-705440925767.2326660156	0.998000	10000	297.551315
		-344346554076.9456176758	0.998000	10000	297.464881
		-303859984175.2352905273	0.998000	10000	297.525496
		-56839237984.2135848999	0.998000	10000	297.489314
		-163650878761.6941223145	0.998000	10000	297.783114
		-54139244893.3294830322	0.998000	10000	297.539342
		-86136355184.9806671143	0.998000	10000	297.569699
		-172592354926.5630798340	0.998000	10000	297.570064
		-512908218370.9036865234	0.998000	10000	350.075979
		-78882613933.6533508301	0.998000	10000	297.531146
		-51666932395.5951919556	0.998000	10000	299.595139
		-75917488244.5385742188	0.998000	10000	297.451270
		-44993814572543.2031250000	0.998000	10000	297.450643
		-593490823099.5595703125	0.998000	10000	297.456815
		-354399511555.3009643555	0.998000	10000	297.482584
		-1196098880027.5205078125	0.998000	10000	297.458230
	5	150	75	37
		-147186040835.3340759277	0.998000	10000	443.140778
		-144589432377.2136230469	0.998000	10000	440.867572
		-1774201696619.8571777344	0.998000	10000	440.867946
		-120965022948.9153900146	0.998000	10000	440.797880
		-285845956375.8579711914	0.998000	10000	442.446435
		-83241524696.2829132080	0.998000	10000	440.834677
		-469079343523.6591796875	0.998000	10000	440.760823
		-269064068121.2161254883	0.998000	10000	440.743125
		-417811621392.2687988281	0.998000	10000	443.081267
		-859039720891.3214111328	0.998000	10000	440.731492
		-1403525980823.8845214844	0.998000	10000	440.747611
		-526486279763.5568237305	0.998000	10000	440.794371
		-1015364045217.0252685547	0.998000	10000	442.793483
		-698939185790.6519775391	0.998000	10000	440.753956
		-184505965582.7091979980	0.998000	10000	440.789358
		-398804026917.4196166992	0.998000	10000	440.892757
		-1344955611817.8049316406	0.998000	10000	442.124642
		-96294715015.2095794678	0.998000	10000	440.842386
		-203036116932.6122436523	0.998000	10000	440.882469
		-648134913777.2041015625	0.998000	10000	440.922259
		-15442498621825.1914062500	0.998000	10000	442.017247
		-1927217921851.0024414062	0.998000	10000	440.810278
		-279795961856.0561523438	0.998000	10000	440.875110
		-145733135563.5240478516	0.998000	10000	440.836535
		-1557626308528.0739746094	0.998000	10000	441.687518
		-853643487846.3004150391	0.998000	10000	440.823680
		-96697769006.8376617432	0.998000	10000	440.767313
		-4058218115411.3564453125	0.998000	10000	440.760777
		-8116507654935.8623046875	0.998000	10000	440.958819
		-474882055900.2024536133	0.998000	10000	442.661921
	5	200	100	50
		-34154059354697.5234375000	0.998000	10000	590.878166
		-877565897740.8918457031	0.998000	10000	590.949383
		-419761635109.0424194336	0.998000	10000	593.324286
		-283721614120.9093017578	0.998000	10000	591.053089
		-865799134898.0209960938	0.998000	10000	591.184896
		-926983616364.1412353516	0.998000	10000	592.062693
		-1652006801353.5727539062	0.998000	10000	591.000384
		-598014386833.6831054688	0.998000	10000	590.900294
		-11597174488571.4980468750	0.998000	10000	593.672453
		-550204971083.3271484375	0.998000	10000	590.942244
		-318822027153.9400024414	0.998000	10000	591.112897
		-6533613876271.3759765625	0.998000	10000	592.557577
		-440598469229.5142822266	0.998000	10000	590.886489
		-625628250914.5467529297	0.998000	10000	590.997478
		-3548793865391.6621093750	0.998000	10000	593.387856
		-3131113806237.5244140625	0.998000	10000	590.944565
		-1032544382824.0686035156	0.998000	10000	590.965222
		-344426793451.0977783203	0.998000	10000	639.466894
		-2194884988395.3442382812	0.998000	10000	591.072715
		-242029386552.6721496582	0.998000	10000	590.925172
		-2587479839863.4736328125	0.998000	10000	638.595330
		-335811313215.5691528320	0.998000	10000	591.101945
		-707404727544.3359375000	0.998000	10000	591.193921
		-500063652767.7445068359	0.998000	10000	597.285197
		-6190996961247.7724609375	0.998000	10000	590.859249
		-3288822816818.4877929688	0.998000	10000	591.083724
		-584762923915.7169189453	0.998000	10000	592.807274
		-598090392295.5976562500	0.998000	10000	590.879603
		-1032249938429.5275878906	0.998000	10000	591.109616
		-502289101918.1940307617	0.998000	10000	592.293784
6
	6	50	25	12
		0.0000018483	0.000000	4	0.019299
		0.0000022223	0.000000	2	0.009761
		0.0000089858	0.000000	5	0.024238
		0.0000009411	0.000000	1	0.004936
		0.0000015410	0.000000	2	0.009631
		0.0000018642	0.000000	2	0.009702
		0.0000005642	0.000000	2	0.009777
		0.0000017190	0.000000	3	0.014749
		0.0000011446	0.000000	1	0.004928
		0.0000001664	0.000000	4	0.019112
		0.0000000880	0.000000	1	0.004916
		0.0000000856	0.000000	2	0.009687
		0.0000000095	0.000000	2	0.009579
		0.0000020095	0.000000	3	0.014348
		0.0000014521	0.000000	1	0.004921
		0.0000000417	0.000000	1	0.004945
		0.0000007271	0.000000	4	0.019300
		0.0000012273	0.000000	1	0.004964
		0.0000000218	0.000000	2	0.009586
		0.0000000351	0.000000	3	0.014567
		0.0000024377	0.000000	1	0.004952
		0.0000001139	0.000000	2	0.009617
		0.0000015707	0.000000	1	0.004964
		0.0000032416	0.000000	1	0.004944
		0.0000013308	0.000000	1	0.004948
		0.0000000060	0.000000	1	0.004842
		0.0000035459	0.000000	1	0.004965
		0.0000003318	0.000000	2	0.009658
		0.0000000483	0.000000	1	0.004962
		0.0000039692	0.000000	3	0.014374
	6	100	50	25
		0.0000000089	0.000000	1	0.009872
		0.0000000208	0.000000	1	0.010045
		0.0000000415	0.000000	5	0.048697
		0.0000004523	0.000000	3	0.029345
		0.0000000111	0.000000	1	0.010016
		0.0000000953	0.000000	2	0.019841
		0.0000000021	0.000000	1	0.009771
		0.0000000343	0.000000	1	0.009869
		0.0000000182	0.000000	3	0.029118
		0.0000000039	0.000000	2	0.019412
		0.0000001951	0.000000	1	0.010037
		0.0000004691	0.000000	1	0.010034
		0.0000000734	0.000000	1	0.010072
		0.0000000927	0.000000	1	0.010086
		0.0000000156	0.000000	2	0.019593
		0.0000001469	0.000000	1	0.010042
		0.0000000133	0.000000	2	0.019481
		0.0000000549	0.000000	1	0.010066
		0.0000000104	0.000000	1	0.009828
		0.0000000830	0.000000	7	0.067555
		0.0000003338	0.000000	1	0.010095
		0.0000032193	0.000000	2	0.019756
		0.0000000056	0.000000	4	0.038503
		0.0000000306	0.000000	2	0.019746
		0.0000000229	0.000000	2	0.019509
		0.0000000037	0.000000	1	0.009867
		0.0000001138	0.000000	1	0.010045
		0.0000000137	0.000000	2	0.019598
		0.0000001285	0.000000	4	0.038410
		0.0000006247	0.000000	1	0.010055
	6	150	75	37
		0.0000000483	0.000000	1	0.014917
		0.0000000069	0.000000	6	0.086296
		0.0000000273	0.000000	5	0.071893
		0.0000002479	0.000000	2	0.029241
		0.0000001610	0.000000	3	0.043152
		0.0000011441	0.000000	1	0.014950
		0.0000000012	0.000000	1	0.014695
		0.0000000003	0.000000	3	0.043602
		0.0000006545	0.000000	2	0.029567
		0.0000000087	0.000000	1	0.014600
		0.0000005373	0.000000	1	0.014973
		0.0000000080	0.000000	1	0.014751
		0.0000000114	0.000000	2	0.029340
		0.0000000329	0.000000	2	0.028984
		0.0000000516	0.000000	8	0.116245
		0.0000000065	0.000000	3	0.043805
		0.0000000496	0.000000	4	0.057825
		0.0000009953	0.000000	3	0.043622
		0.0000000109	0.000000	1	0.014795
		0.0000001035	0.000000	7	0.100969
		0.0000000751	0.000000	1	0.015025
		0.0000000134	0.000000	7	0.100382
		0.0000048647	0.000000	3	0.043284
		0.0000000176	0.000000	2	0.028971
		0.0000000041	0.000000	1	0.015030
		0.0000000161	0.000000	1	0.014942
		0.0000000222	0.000000	3	0.044005
		0.0000000082	0.000000	4	0.057650
		0.0000000814	0.000000	1	0.014939
		0.0000000213	0.000000	1	0.014959
	6	200	100	50
		0.0000000137	0.000000	7	0.133992
		0.0000000602	0.000000	2	0.039180
		0.0000001323	0.000000	3	0.058658
		0.0000000103	0.000000	1	0.020120
		0.0000042381	0.000000	1	0.019780
		0.0000000006	0.000000	1	0.019737
		0.0000000010	0.000000	2	0.038564
		0.0000058219	0.000000	1	0.019171
		0.0000000006	0.000000	3	0.057936
		0.0000000044	0.000000	2	0.039059
		0.0000000332	0.000000	2	0.039096
		0.0000000723	0.000000	1	0.019978
		0.0000000186	0.000000	1	0.019777
		0.0000002677	0.000000	9	0.172816
		0.0000000060	0.000000	4	0.077008
		0.0000000001	0.000000	7	0.135119
		0.0000001024	0.000000	1	0.020209
		0.0000000