1
	1	50	0.700000	1.000000	0.900000	12
		0.0000060962	0.000000	29	0.000949
		0.0000017275	0.000000	29	0.001892
		0.0000005343	0.000000	29	0.001499
		0.0000019741	0.000000	36	0.002770
		0.0000061431	0.000000	24	0.001526
		0.0000036237	0.000000	30	0.001882
		0.0000045867	0.000000	31	0.001917
		0.0000090314	0.000000	25	0.001097
		0.0000095333	0.000000	31	0.001372
		0.0000070466	0.000000	19	0.000639
		0.0000016837	0.000000	33	0.002532
		0.0000044385	0.000000	19	0.001347
		0.0000014209	0.000000	25	0.001561
		0.0000057014	0.000000	30	0.001809
		0.0000085107	0.000000	33	0.002478
		0.0000025072	0.000000	28	0.000799
		0.0000019022	0.000000	31	0.001948
		0.0000038107	0.000000	34	0.001478
		0.0000081492	0.000000	27	0.001606
		0.0000044910	0.000000	27	0.000842
		0.0000009160	0.000000	34	0.002599
		0.0000044873	0.000000	26	0.001838
		0.0000064441	0.000000	24	0.001534
		0.0000074736	0.000000	31	0.001905
		0.0000043588	0.000000	25	0.001648
		0.0000080803	0.000000	31	0.000869
		0.0000080656	0.000000	21	0.001628
		0.0000077762	0.000000	29	0.000836
		0.0000091073	0.000000	36	0.002313
		0.0000020630	0.000000	32	0.002010
	1	100	0.700000	1.000000	0.900000	25
		0.0000044909	0.000000	19	0.004012
		0.0000023185	0.000000	29	0.007038
		0.0000018521	0.000000	25	0.005291
		0.0000097087	0.000000	18	0.003696
		0.0000036698	0.000000	40	0.006130
		0.0000025527	0.000000	25	0.005493
		0.0000005072	0.000000	25	0.005873
		0.0000021795	0.000000	27	0.005870
		0.0000068002	0.000000	27	0.002340
		0.0000089832	0.000000	22	0.005063
		0.0000092034	0.000000	33	0.007780
		0.0000053975	0.000000	29	0.006845
		0.0000070868	0.000000	33	0.004586
		0.0000026163	0.000000	21	0.004463
		0.0000025825	0.000000	27	0.004873
		0.0000085424	0.000000	24	0.005156
		0.0000032816	0.000000	23	0.004774
		0.0000065358	0.000000	25	0.004407
		0.0000029305	0.000000	26	0.005029
		0.0000026268	0.000000	22	0.002157
		0.0000015749	0.000000	24	0.004802
		0.0000091882	0.000000	19	0.004218
		0.0000022378	0.000000	21	0.004481
		0.0000058579	0.000000	28	0.004908
		0.0000002588	0.000000	25	0.003341
		0.0000025728	0.000000	35	0.003656
		0.0000017528	0.000000	23	0.005159
		0.0000025387	0.000000	25	0.004730
		0.0000098874	0.000000	25	0.002311
		0.0000043309	0.000000	27	0.002329
	1	150	0.700000	1.000000	0.900000	37
		0.0000071271	0.000000	27	0.007298
		0.0000022725	0.000000	26	0.010501
		0.0000035925	0.000000	23	0.004831
		0.0000045048	0.000000	20	0.006140
		0.0000036749	0.000000	30	0.007739
		0.0000004015	0.000000	13	0.006078
		0.0000069889	0.000000	25	0.005583
		0.0000036679	0.000000	21	0.009419
		0.0000077567	0.000000	27	0.009772
		0.0000031794	0.000000	20	0.005733
		0.0000023290	0.000000	25	0.009508
		0.0000044602	0.000000	20	0.005456
		0.0000022209	0.000000	23	0.009584
		0.0000041253	0.000000	25	0.005980
		0.0000053243	0.000000	20	0.009574
		0.0000027468	0.000000	20	0.007951
		0.0000028765	0.000000	25	0.007547
		0.0000095407	0.000000	23	0.007362
		0.0000021855	0.000000	26	0.009623
		0.0000094840	0.000000	29	0.008730
		0.0000079480	0.000000	23	0.007424
		0.0000052348	0.000000	22	0.006645
		0.0000002210	0.000000	24	0.007596
		0.0000022409	0.000000	23	0.008436
		0.0000022559	0.000000	26	0.008598
		0.0000057746	0.000000	25	0.007006
		0.0000016131	0.000000	26	0.008075
		0.0000089344	0.000000	22	0.007657
		0.0000095056	0.000000	27	0.007540
		0.0000074474	0.000000	24	0.006818
	1	200	0.700000	1.000000	0.900000	50
		0.0000044812	0.000000	17	0.010118
		0.0000029353	0.000000	21	0.008722
		0.0000018624	0.000000	31	0.012016
		0.0000089465	0.000000	19	0.014298
		0.0000019354	0.000000	27	0.010666
		0.0000077748	0.000000	30	0.015570
		0.0000046304	0.000000	18	0.010019
		0.0000018483	0.000000	19	0.008916
		0.0000027780	0.000000	24	0.011733
		0.0000028726	0.000000	24	0.015877
		0.0000099286	0.000000	20	0.009798
		0.0000020849	0.000000	24	0.015754
		0.0000022515	0.000000	19	0.014194
		0.0000002779	0.000000	25	0.015975
		0.0000009786	0.000000	40	0.021936
		0.0000020854	0.000000	26	0.015774
		0.0000062990	0.000000	26	0.012237
		0.0000047776	0.000000	18	0.014164
		0.0000060607	0.000000	23	0.011499
		0.0000095401	0.000000	18	0.007459
		0.0000021574	0.000000	20	0.016062
		0.0000004112	0.000000	13	0.008398
		0.0000053246	0.000000	27	0.009246
		0.0000092891	0.000000	20	0.007810
		0.0000039186	0.000000	23	0.010855
		0.0000030535	0.000000	17	0.006919
		0.0000029753	0.000000	27	0.013039
		0.0000016359	0.000000	22	0.012279
		0.0000075085	0.000000	27	0.011456
		0.0000060247	0.000000	17	0.010397
2
	2	50	0.700000	1.000000	0.900000	12
		0.0000038579	0.000000	42	0.003076
		0.0000017567	0.000000	57	0.003777
		0.0000038842	0.000000	35	0.002147
		0.0000096340	0.000000	54	0.003771
		0.0000091833	0.000000	40	0.003104
		0.0000060938	0.000000	51	0.001420
		0.0000013446	0.000000	31	0.001553
		0.0000050317	0.000000	57	0.001685
		0.0000088872	0.000000	49	0.003225
		0.0000044571	0.000000	44	0.001828
		0.0000014293	0.000000	54	0.003945
		0.0000011999	0.000000	45	0.001294
		0.0000097703	0.000000	47	0.001804
		0.0000056736	0.000000	62	0.003439
		0.0000063211	0.000000	43	0.002861
		0.0000081367	0.000000	42	0.002795
		0.0000067225	0.000000	47	0.003648
		0.0000030553	0.000000	50	0.001391
		0.0000073369	0.000000	50	0.003461
		0.0000059971	0.000000	54	0.001578
		0.0000092914	0.000000	50	0.004930
		0.0000099479	0.000000	49	0.003087
		0.0000019649	0.000000	62	0.004176
		0.0000086227	0.000000	48	0.003117
		0.0000024614	0.000000	42	0.002828
		0.0000071680	0.000000	59	0.002598
		0.0000010424	0.000000	53	0.001700
		0.0000029669	0.000000	53	0.003381
		0.0000010865	0.000000	50	0.003963
		0.0000074102	0.000000	40	0.004345
	2	100	0.700000	1.000000	0.900000	25
		0.0000037671	0.000000	47	0.007375
		0.0000089593	0.000000	40	0.008167
		0.0000068109	0.000000	46	0.007160
		0.0000046752	0.000000	35	0.007012
		0.0000046141	0.000000	38	0.006876
		0.0000090478	0.000000	45	0.009112
		0.0000008928	0.000000	45	0.007114
		0.0000086122	0.000000	38	0.007667
		0.0000060498	0.000000	47	0.006156
		0.0000046570	0.000000	52	0.009649
		0.0000049166	0.000000	36	0.007383
		0.0000081590	0.000000	37	0.007382
		0.0000072748	0.000000	43	0.008302
		0.0000049097	0.000000	59	0.008260
		0.0000004511	0.000000	38	0.005445
		0.0000055486	0.000000	50	0.010135
		0.0000019023	0.000000	47	0.008028
		0.0000030026	0.000000	38	0.004667
		0.0000095134	0.000000	55	0.008401
		0.0000033828	0.000000	38	0.007106
		0.0000045673	0.000000	46	0.004342
		0.0000054429	0.000000	49	0.004205
		0.0000059021	0.000000	55	0.006298
		0.0000045026	0.000000	39	0.007135
		0.0000002837	0.000000	49	0.008470
		0.0000020502	0.000000	49	0.008294
		0.0000057092	0.000000	51	0.010486
		0.0000069106	0.000000	35	0.005997
		0.0000045331	0.000000	42	0.007160
		0.0000047526	0.000000	47	0.007719
	2	150	0.700000	1.000000	0.900000	37
		0.0000028269	0.000000	49	0.013202
		0.0000003157	0.000000	42	0.015216
		0.0000084863	0.000000	54	0.012866
		0.0000051284	0.000000	32	0.014094
		0.0000041123	0.000000	46	0.013082
		0.0000058084	0.000000	27	0.010387
		0.0000038954	0.000000	53	0.010839
		0.0000063726	0.000000	45	0.011891
		0.0000055113	0.000000	43	0.012625
		0.0000020704	0.000000	40	0.010961
		0.0000098158	0.000000	43	0.016078
		0.0000070566	0.000000	47	0.012078
		0.0000024045	0.000000	42	0.007290
		0.0000012458	0.000000	41	0.017233
		0.0000091275	0.000000	36	0.009902
		0.0000097757	0.000000	38	0.016334
		0.0000016239	0.000000	32	0.008203
		0.0000076215	0.000000	38	0.010948
		0.0000007992	0.000000	39	0.008739
		0.0000050228	0.000000	31	0.009762
		0.0000009628	0.000000	37	0.014076
		0.0000063772	0.000000	45	0.012045
		0.0000039649	0.000000	33	0.010590
		0.0000029698	0.000000	43	0.007623
		0.0000017600	0.000000	38	0.013932
		0.0000029651	0.000000	42	0.010047
		0.0000027269	0.000000	44	0.017468
		0.0000013443	0.000000	44	0.012105
		0.0000047121	0.000000	37	0.014830
		0.0000011671	0.000000	36	0.010310
	2	200	0.700000	1.000000	0.900000	50
		0.0000051363	0.000000	32	0.012044
		0.0000012795	0.000000	35	0.017514
		0.0000052735	0.000000	46	0.022327
		0.0000065891	0.000000	33	0.015290
		0.0000058642	0.000000	41	0.014839
		0.0000033813	0.000000	35	0.016105
		0.0000070092	0.000000	36	0.016200
		0.0000064803	0.000000	38	0.014125
		0.0000030117	0.000000	46	0.020415
		0.0000098832	0.000000	38	0.017087
		0.0000027801	0.000000	36	0.015768
		0.0000037637	0.000000	39	0.014731
		0.0000069773	0.000000	37	0.014686
		0.0000042218	0.000000	43	0.022118
		0.0000039227	0.000000	38	0.016895
		0.0000023426	0.000000	35	0.018235
		0.0000065770	0.000000	54	0.019153
		0.0000043999	0.000000	38	0.014660
		0.0000013712	0.000000	43	0.017263
		0.0000080411	0.000000	38	0.019038
		0.0000096035	0.000000	38	0.015608
		0.0000038769	0.000000	35	0.014923
		0.0000092651	0.000000	50	0.019284
		0.0000093653	0.000000	36	0.018159
		0.0000004632	0.000000	40	0.019071
		0.0000065891	0.000000	42	0.020203
		0.0000065086	0.000000	36	0.018810
		0.0000004708	0.000000	43	0.022097
		0.0000050896	0.000000	41	0.018166
		0.0000015248	0.000000	39	0.018899
3
	3	50	0.700000	1.000000	0.900000	12
		0.0000000000	0.000000	6	0.000679
		0.0000000000	0.000000	5	0.000497
		0.0000000000	0.000000	7	0.000671
		0.0000000000	0.000000	4	0.000261
		0.0000000000	0.000000	8	0.000765
		0.0000000000	0.000000	7	0.000802
		0.0000000000	0.000000	6	0.000304
		0.0000000000	0.000000	8	0.000830
		0.0000000000	0.000000	8	0.000755
		0.0000000000	0.000000	6	0.000605
		0.0000000000	0.000000	8	0.000769
		0.0000000000	0.000000	4	0.000417
		0.0000000000	0.000000	13	0.002218
		0.0000000000	0.000000	4	0.000310
		0.0000000000	0.000000	9	0.000854
		0.0000000000	0.000000	6	0.000590
		0.0000000000	0.000000	4	0.000445
		0.0000000000	0.000000	6	0.000792
		0.0000000000	0.000000	7	0.001214
		0.0000000000	0.000000	6	0.000597
		0.0000000000	0.000000	7	0.000678
		0.0000000000	0.000000	4	0.000280
		0.0000000000	0.000000	4	0.000251
		0.0000000000	0.000000	3	0.000225
		0.0000000000	0.000000	7	0.000420
		0.0000000000	0.000000	4	0.000751
		0.0000000000	0.000000	5	0.000724
		0.0000000000	0.000000	7	0.000374
		0.0000000000	0.000000	6	0.000337
		0.0000000000	0.000000	9	0.000388
	3	100	0.700000	1.000000	0.900000	25
		0.0000000000	0.000000	3	0.001063
		0.0000000000	0.000000	10	0.001187
		0.0000000000	0.000000	5	0.001321
		0.0000000000	0.000000	5	0.002454
		0.0000000000	0.000000	4	0.001055
		0.0000000000	0.000000	3	0.000869
		0.0000000000	0.000000	4	0.001313
		0.0000000000	0.000000	4	0.001346
		0.0000000000	0.000000	4	0.001346
		0.0000000000	0.000000	5	0.001546
		0.0000000000	0.000000	4	0.001049
		0.0000000000	0.000000	6	0.001854
		0.0000000000	0.000000	4	0.000726
		0.0000000000	0.000000	6	0.002017
		0.0000000000	0.000000	11	0.003268
		0.0000000000	0.000000	7	0.001797
		0.0000000000	0.000000	4	0.001061
		0.0000000000	0.000000	4	0.001298
		0.0000000000	0.000000	3	0.000399
		0.0000000000	0.000000	5	0.000617
		0.0000000000	0.000000	8	0.001497
		0.0000000000	0.000000	6	0.001523
		0.0000000000	0.000000	3	0.000828
		0.0000000000	0.000000	3	0.000885
		0.0000000000	0.000000	3	0.001028
		0.0000000000	0.000000	4	0.000492
		0.0000000000	0.000000	4	0.001275
		0.0000000000	0.000000	5	0.001313
		0.0000000000	0.000000	4	0.001116
		0.0000000000	0.000000	4	0.001188
	3	150	0.700000	1.000000	0.900000	37
		0.0000000000	0.000000	5	0.003056
		0.0000000000	0.000000	8	0.002331
		0.0000000000	0.000000	3	0.001870
		0.0000000000	0.000000	4	0.002042
		0.0000000000	0.000000	6	0.003121
		0.0000000000	0.000000	4	0.000896
		0.0000000000	0.000000	6	0.001396
		0.0000000000	0.000000	2	0.000650
		0.0000000000	0.000000	6	0.001409
		0.0000000000	0.000000	6	0.003208
		0.0000000000	0.000000	6	0.001403
		0.0000000000	0.000000	7	0.002862
		0.0000000000	0.000000	5	0.003050
		0.0000000000	0.000000	7	0.001920
		0.0000000000	0.000000	5	0.002212
		0.0000000000	0.000000	4	0.002058
		0.0000000000	0.000000	5	0.001248
		0.0000000000	0.000000	6	0.001333
		0.0000000000	0.000000	8	0.004673
		0.0000000000	0.000000	4	0.002096
		0.0000000000	0.000000	3	0.000790
		0.0000000000	0.000000	4	0.001523
		0.0000000000	0.000000	2	0.001381
		0.0000000000	0.000000	6	0.002291
		0.0000000000	0.000000	2	0.001359
		0.0000000000	0.000000	7	0.003624
		0.0000000000	0.000000	4	0.002125
		0.0000000000	0.000000	6	0.001518
		0.0000000000	0.000000	4	0.002164
		0.0000000000	0.000000	1	0.000802
	3	200	0.700000	1.000000	0.900000	50
		0.0000000000	0.000000	5	0.003435
		0.0000000000	0.000000	5	0.004543
		0.0000000000	0.000000	4	0.001539
		0.0000000000	0.000000	5	0.004238
		0.0000000000	0.000000	5	0.001852
		0.0000000000	0.000000	4	0.002820
		0.0000000000	0.000000	4	0.002296
		0.0000000000	0.000000	3	0.002649
		0.0000000000	0.000000	8	0.006821
		0.0000000000	0.000000	4	0.001570
		0.0000000000	0.000000	6	0.002245
		0.0000000000	0.000000	4	0.001565
		0.0000000000	0.000000	5	0.002474
		0.0000000000	0.000000	3	0.002716
		0.0000000000	0.000000	5	0.004014
		0.0000000000	0.000000	8	0.004285
		0.0000000000	0.000000	3	0.001184
		0.0000000000	0.000000	4	0.002453
		0.0000000000	0.000000	6	0.002462
		0.0000000000	0.000000	4	0.003654
		0.0000000000	0.000000	7	0.006017
		0.0000000000	0.000000	6	0.004825
		0.0000000000	0.000000	6	0.006168
		0.0000000000	0.000000	6	0.002212
		0.0000000000	0.000000	4	0.003582
		0.0000000000	0.000000	3	0.002349
		0.0000000000	0.000000	6	0.005520
		0.0000000000	0.000000	6	0.004983
		0.0000000000	0.000000	3	0.001189
		0.0000000000	0.000000	4	0.002750
4
	4	50	0.700000	1.000000	0.900000	12
		0.2241392121	0.000000	10000	0.400478
		0.4110928586	0.000000	10000	0.404021
		0.1696977808	0.000000	10000	0.405417
		0.4234513789	0.000000	10000	0.405260
		0.1149689247	0.000000	10000	0.381951
		0.2081622279	0.000000	10000	0.381016
		0.4192132954	0.000000	10000	0.388942
		0.3510986160	0.000000	10000	0.382852
		0.5186823603	0.000000	10000	0.421255
		0.4617279813	0.000000	10000	0.383565
		0.3269412025	0.000000	10000	0.382835
		0.2588803431	0.000000	10000	0.386839
		0.4059186914	0.000000	10000	0.383270
		0.5336187086	0.000000	10000	0.382463
		0.5183897813	0.000000	10000	0.387192
		0.3308878245	0.000000	10000	0.383384
		0.5941645259	0.000000	10000	0.384481
		0.4074118784	0.000000	10000	0.385779
		0.5314642183	0.000000	10000	0.421074
		0.2783453182	0.000000	10000	0.386407
		0.4538046583	0.000000	10000	0.381971
		0.5085324179	0.000000	10000	0.387848
		0.4682780374	0.000000	10000	0.383251
		0.2878474597	0.000000	10000	0.389066
		0.5724950678	0.000000	10000	0.381985
		0.4652868187	0.000000	10000	0.381355
		0.4788425354	0.000000	10000	0.385635
		0.5293564190	0.000000	10000	0.385820
		0.3269454402	0.000000	10000	0.415276
		0.2063806684	0.000000	10000	0.387828
	4	100	0.700000	1.000000	0.900000	25
		0.2346519995	0.000000	10000	1.045624
		0.2191129349	0.000000	10000	1.041754
		0.1387391378	0.000000	10000	1.040479
		0.2188630022	0.000000	10000	1.041558
		0.3243126809	0.000000	10000	1.106856
		0.2037797064	0.000000	10000	1.042560
		0.2065249690	0.000000	10000	1.041455
		0.2754053225	0.000000	10000	1.042090
		0.2985161784	0.000000	10000	1.040896
		0.3871718190	0.000000	10000	1.105567
		0.2626747341	0.000000	10000	1.040895
		0.2524791588	0.000000	10000	1.040905
		0.3552159898	0.000000	10000	1.039777
		0.3065903431	0.000000	10000	1.042545
		0.3416249573	0.000000	10000	1.101622
		0.0823838899	0.000000	10000	1.042909
		0.1227154795	0.000000	10000	1.041038
		0.2063976239	0.000000	10000	1.042796
		0.3722200241	0.000000	10000	1.041111
		0.3277741316	0.000000	10000	1.100033
		0.4187034118	0.000000	10000	1.041675
		0.2565943213	0.000000	10000	1.043067
		0.4515652711	0.000000	10000	1.041477
		0.4740081138	0.000000	10000	1.042533
		0.0784935622	0.000000	10000	1.095825
		0.1940428307	0.000000	10000	1.042351
		0.2987429680	0.000000	10000	1.040110
		0.1503102406	0.000000	10000	1.042526
		0.3876590006	0.000000	10000	1.040641
		0.3092326394	0.000000	10000	1.093835
	4	150	0.700000	1.000000	0.900000	37
		0.3668334433	0.000000	10000	2.015403
		0.2436699377	0.000000	10000	2.102507
		0.2443772700	0.000000	10000	2.014569
		0.2560627168	0.000000	10000	2.014508
		0.1370258425	0.000000	10000	2.016070
		0.2715607686	0.000000	10000	2.078126
		0.2605044107	0.000000	10000	2.014867
		0.2797859193	0.000000	10000	2.121340
		0.2647153702	0.000000	10000	2.013502
		0.1482826955	0.000000	10000	2.013437
		0.1121753140	0.000000	10000	2.132990
		0.2270586385	0.000000	10000	2.015812
		0.3509480153	0.000000	10000	2.052380
		0.2435996580	0.000000	10000	2.015083
		0.2701532361	0.000000	10000	2.014525
		0.2027785961	0.000000	10000	2.012955
		0.3664971551	0.000000	10000	2.112499
		0.3258477940	0.000000	10000	2.013767
		0.1333968142	0.000000	10000	2.013492
		0.3585505442	0.000000	10000	2.110906
		0.1795748816	0.000000	10000	2.015311
		0.2956494145	0.000000	10000	2.016158
		0.4180664103	0.000000	10000	2.026163
		0.3174365377	0.000000	10000	2.015652
		0.1962663505	0.000000	10000	2.016259
		0.3427643263	0.000000	10000	2.014644
		0.2156804769	0.000000	10000	2.130406
		0.3140874863	0.000000	10000	2.014486
		0.3111162523	0.000000	10000	2.016087
		0.2713097064	0.000000	10000	2.089416
	4	200	0.700000	1.000000	0.900000	50
		0.2900116390	0.000000	10000	3.344566
		0.2792380189	0.000000	10000	3.488324
		0.3233137772	0.000000	10000	3.337255
		0.1422548229	0.000000	10000	3.366489
		0.2541046060	0.000000	10000	3.338684
		0.1702619376	0.000000	10000	3.335843
		0.2419377489	0.000000	10000	3.482077
		0.3329552502	0.000000	10000	3.337794
		0.1301995704	0.000000	10000	3.345472
		0.1766671833	0.000000	10000	3.340621
		0.1678303746	0.000000	10000	3.338086
		0.2210504684	0.000000	10000	3.471280
		0.1638876813	0.000000	10000	3.337409
		0.1911826181	0.000000	10000	3.338479
		0.3030278868	0.000000	10000	3.372686
		0.1920900829	0.000000	10000	3.336798
		0.1730464536	0.000000	10000	3.454761
		0.3551300027	0.000000	10000	3.338805
		0.1958900019	0.000000	10000	3.338146
		0.1918449029	0.000000	10000	3.419535
		0.3078264167	0.000000	10000	3.339061
		0.2273268891	0.000000	10000	3.437389
		0.1582226443	0.000000	10000	3.335958
		0.2526549283	0.000000	10000	3.335768
		0.1864814480	0.000000	10000	3.449889
		0.2529017357	0.000000	10000	3.338757
		0.2980631050	0.000000	10000	3.421428
		0.2573686054	0.000000	10000	3.339643
		0.2681983029	0.000000	10000	3.336111
		0.1619079746	0.000000	10000	3.472147
5
	5	50	0.700000	1.000000	0.900000	12
		-1389899342503733.5000000000	0.998000	10000	0.803475
		-2305843009213693952.0000000000	0.998000	10000	0.800572
		0.9977360105	0.998000	14	0.002768
		-2305843009213693952.0000000000	0.998000	10000	0.793784
		-2305843009213693952.0000000000	0.998000	10000	0.797011
		-768614336404564608.0000000000	0.998000	10000	0.810359
		-2305843009213693952.0000000000	0.998000	10000	0.800077
		-2305843009213693952.0000000000	0.998000	10000	0.794520
		-768614336404564608.0000000000	0.998000	10000	0.805042
		-768614336404564608.0000000000	0.998000	10000	0.810412
		-768614336404564608.0000000000	0.998000	10000	0.802362
		-2305843009213693952.0000000000	0.998000	10000	0.810105
		-384307168202282304.0000000000	0.998000	10000	0.803291
		-2305843009213693952.0000000000	0.998000	10000	0.797710
		-768614336404564608.0000000000	0.998000	10000	0.846559
		-2305843009213693952.0000000000	0.998000	10000	0.789422
		-2305843009213693952.0000000000	0.998000	10000	0.796281
		-2305843009213693952.0000000000	0.998000	10000	0.804589
		-2305843009213693952.0000000000	0.998000	10000	0.810266
		-2305843009213693952.0000000000	0.998000	10000	0.808227
		-2305843009213693952.0000000000	0.998000	10000	0.804582
		-2305843009213693952.0000000000	0.998000	10000	0.809637
		-2305843009213693952.0000000000	0.998000	10000	0.804570
		-2305843009213693952.0000000000	0.998000	10000	0.800036
		-576460752303423488.0000000000	0.998000	10000	0.815810
		-1152921504606846976.0000000000	0.998000	10000	0.807121
		-461168601842738816.0000000000	0.998000	10000	0.810161
		-2305843009213693952.0000000000	0.998000	10000	0.854773
		-2305843009213693952.0000000000	0.998000	10000	0.841194
		-2305843009213693952.0000000000	0.998000	10000	0.837757
	5	100	0.700000	1.000000	0.900000	25
		-2305843009213693952.0000000000	0.998000	10000	1.992587
		-2305843009213693952.0000000000	0.998000	10000	1.991426
		-2305843009213693952.0000000000	0.998000	10000	1.983920
		-2305843009213693952.0000000000	0.998000	10000	1.969021
		-1152921504606846976.0000000000	0.998000	10000	2.004093
		-1152921504606846976.0000000000	0.998000	10000	1.995747
		-2305843009213693952.0000000000	0.998000	10000	1.976237
		-2305843009213693952.0000000000	0.998000	10000	1.942787
		-2305843009213693952.0000000000	0.998000	10000	1.992300
		-2305843009213693952.0000000000	0.998000	10000	1.982780
		-2305843009213693952.0000000000	0.998000	10000	1.991477
		-2305843009213693952.0000000000	0.998000	10000	1.987193
		-2305843009213693952.0000000000	0.998000	10000	1.985379
		-1152921504606846976.0000000000	0.998000	10000	2.009611
		-1152921504606846976.0000000000	0.998000	10000	2.001945
		-2305843009213693952.0000000000	0.998000	10000	2.000369
		-2305843009213693952.0000000000	0.998000	10000	2.074957
		-2305843009213693952.0000000000	0.998000	10000	1.950773
		-2305843009213693952.0000000000	0.998000	10000	2.002833
		-2305843009213693952.0000000000	0.998000	10000	1.997979
		-2305843009213693952.0000000000	0.998000	10000	2.078282
		-2305843009213693952.0000000000	0.998000	10000	1.998876
		-2305843009213693952.0000000000	0.998000	10000	1.979947
		-2305843009213693952.0000000000	0.998000	10000	1.963503
		-2305843009213693952.0000000000	0.998000	10000	1.993172
		-384307168202282304.0000000000	0.998000	10000	2.076531
		-2305843009213693952.0000000000	0.998000	10000	2.000507
		-2305843009213693952.0000000000	0.998000	10000	1.991895
		-2305843009213693952.0000000000	0.998000	10000	1.900598
		-2305843009213693952.0000000000	0.998000	10000	1.862830
	5	150	0.700000	1.000000	0.900000	37
		-2305843009213693952.0000000000	0.998000	10000	3.389257
		-2305843009213693952.0000000000	0.998000	10000	3.449693
		-2305843009213693952.0000000000	0.998000	10000	3.509929
		-2305843009213693952.0000000000	0.998000	10000	3.410766
		-2305843009213693952.0000000000	0.998000	10000	3.282252
		-2305843009213693952.0000000000	0.998000	10000	3.314371
		-2305843009213693952.0000000000	0.998000	10000	3.273295
		-2305843009213693952.0000000000	0.998000	10000	3.260311
		-2305843009213693952.0000000000	0.998000	10000	3.321427
		-2305843009213693952.0000000000	0.998000	10000	3.278691
		-2305843009213693952.0000000000	0.998000	10000	3.182790
		-2305843009213693952.0000000000	0.998000	10000	3.283515
		-2305843009213693952.0000000000	0.998000	10000	3.383735
		-2305843009213693952.0000000000	0.998000	10000	3.285734
		-2305843009213693952.0000000000	0.998000	10000	3.283771
		-1152921504606846976.0000000000	0.998000	10000	3.380018
		-2305843009213693952.0000000000	0.998000	10000	3.178262
		-2305843009213693952.0000000000	0.998000	10000	3.197910
		-2305843009213693952.0000000000	0.998000	10000	3.290980
		-2305843009213693952.0000000000	0.998000	10000	3.282317
		-2305843009213693952.0000000000	0.998000	10000	3.276413
		-2305843009213693952.0000000000	0.998000	10000	3.278861
		-2305843009213693952.0000000000	0.998000	10000	3.393425
		-2305843009213693952.0000000000	0.998000	10000	3.282559
		-1152921504606846976.0000000000	0.998000	10000	3.427549
		-2305843009213693952.0000000000	0.998000	10000	3.522937
		-2305843009213693952.0000000000	0.998000	10000	3.446152
		-2305843009213693952.0000000000	0.998000	10000	3.452048
		-2305843009213693952.0000000000	0.998000	10000	3.343884
		-2305843009213693952.0000000000	0.998000	10000	3.463831
	5	200	0.700000	1.000000	0.900000	50
		-2305843009213693952.0000000000	0.998000	10000	5.286831
		-2305843009213693952.0000000000	0.998000	10000	5.233582
		-2305843009213693952.0000000000	0.998000	10000	5.416442
		-2305843009213693952.0000000000	0.998000	10000	5.092209
		-2305843009213693952.0000000000	0.998000	10000	4.899368
		-2305843009213693952.0000000000	0.998000	10000	4.879337
		-2305843009213693952.0000000000	0.998000	10000	4.871123
		-2305843009213693952.0000000000	0.998000	10000	5.171489
		-2305843009213693952.0000000000	0.998000	10000	5.007926
		-2305843009213693952.0000000000	0.998000	10000	4.896612
		-2305843009213693952.0000000000	0.998000	10000	5.031408
		-2305843009213693952.0000000000	0.998000	10000	5.010477
		-2305843009213693952.0000000000	0.998000	10000	5.156436
		-2305843009213693952.0000000000	0.998000	10000	5.019488
		-2305843009213693952.0000000000	0.998000	10000	4.980952
		-2305843009213693952.0000000000	0.998000	10000	5.014535
		-2305843009213693952.0000000000	0.998000	10000	4.810592
		-2305843009213693952.0000000000	0.998000	10000	5.125203
		-2305843009213693952.0000000000	0.998000	10000	4.847079
		-2305843009213693952.0000000000	0.998000	10000	5.027609
		-2305843009213693952.0000000000	0.998000	10000	4.939683
		-2305843009213693952.0000000000	0.998000	10000	5.024412
		-2305843009213693952.0000000000	0.998000	10000	5.134085
		-2305843009213693952.0000000000	0.998000	10000	5.019620
		-2305843009213693952.0000000000	0.998000	10000	5.028977
		-2305843009213693952.0000000000	0.998000	10000	5.092232
		-2305843009213693952.0000000000	0.998000	10000	5.013333
		-2305843009213693952.0000000000	0.998000	10000	5.101445
		-2305843009213693952.0000000000	0.998000	10000	5.009459
		-2305843009213693952.0000000000	0.998000	10000	4.934841
6
	6	50	0.700000	1.000000	0.900000	12
		0.0000013396	0.000000	287	0.010726
		0.0000089350	0.000000	62	0.002405
		0.0000015665	0.000000	25	0.002154
		0.0000004435	0.000000	102	0.008370
		0.0000059839	0.000000	129	0.010833
		0.0000043512	0.000000	37	0.003396
		0.0000061992	0.000000	25	0.001832
		0.0000000719	0.000000	22	0.002305
		0.0000055942	0.000000	199	0.014317
		0.0000030848	0.000000	179	0.016384
		0.0000074557	0.000000	62	0.006551
		0.0000067703	0.000000	151	0.011511
		0.0000092335	0.000000	28	0.002996
		0.0000037480	0.000000	121	0.004725
		0.0000015626	0.000000	48	0.004587
		0.0000012477	0.000000	83	0.005717
		0.0000046905	0.000000	131	0.007931
		0.0000050513	0.000000	8	0.000413
		0.0000039561	0.000000	97	0.006916
		0.0000006543	0.000000	26	0.002813
		0.0000031032	0.000000	32	0.002930
		0.0000069129	0.000000	20	0.001900
		0.0000060852	0.000000	42	0.004442
		0.0000002633	0.000000	125	0.004831
		0.0000049045	0.000000	47	0.004540
		0.0000018274	0.000000	25	0.002266
		0.0000000236	0.000000	59	0.003261
		0.0000053016	0.000000	69	0.004116
		0.0000088557	0.000000	30	0.002759
		0.0000060919	0.000000	34	0.003152
	6	100	0.700000	1.000000	0.900000	25
		0.0000062652	0.000000	51	0.009484
		0.0000094973	0.000000	38	0.009354
		0.0000073748	0.000000	75	0.015031
		0.0000071718	0.000000	24	0.005801
		0.0000037692	0.000000	30	0.007453
		0.0000078166	0.000000	45	0.009456
		0.0000051334	0.000000	25	0.004107
		0.0000069655	0.000000	41	0.010366
		0.0000022602	0.000000	36	0.004959
		0.0000013240	0.000000	84	0.011431
		0.0000068610	0.000000	14	0.001571
		0.0000077841	0.000000	109	0.018696
		0.0000009314	0.000000	48	0.011364
		0.0000014035	0.000000	22	0.002954
		0.0000035572	0.000000	22	0.004325
		0.0000040577	0.000000	49	0.008326
		0.0000026746	0.000000	58	0.006146
		0.0000040748	0.000000	119	0.015727
		0.0000063337	0.000000	50	0.007625
		0.0000038433	0.000000	39	0.005429
		0.0000072893	0.000000	35	0.008164
		0.0000061134	0.000000	49	0.013025
		0.0000049382	0.000000	46	0.009281
		0.0000043666	0.000000	90	0.013934
		0.0000044389	0.000000	44	0.009177
		0.0000006061	0.000000	53	0.008401
		0.0000009481	0.000000	70	0.013239
		0.0000032366	0.000000	14	0.004092
		0.0000054838	0.000000	93	0.015736
		0.0000062633	0.000000	86	0.010560
	6	150	0.700000	1.000000	0.900000	37
		0.0000008544	0.000000	70	0.020139
		0.0000001447	0.000000	54	0.015316
		0.0000077543	0.000000	9	0.004799
		0.0000030476	0.000000	29	0.010454
		0.0000062164	0.000000	18	0.009367
		0.0000094533	0.000000	23	0.007970
		0.0000011795	0.000000	59	0.019288
		0.0000091181	0.000000	82	0.024290
		0.0000083134	0.000000	9	0.001892
		0.0000052751	0.000000	6	0.001482
		0.0000018201	0.000000	24	0.004896
		0.0000063491	0.000000	25	0.006135
		0.0000012822	0.000000	12	0.006228
		0.0000093783	0.000000	82	0.019336
		0.0000025573	0.000000	19	0.006436
		0.0000023270	0.000000	37	0.010137
		0.0000021885	0.000000	6	0.002989
		0.0000037402	0.000000	32	0.012105
		0.0000081737	0.000000	33	0.009603
		0.0000057688	0.000000	26	0.013818
		0.0000051710	0.000000	26	0.010358
		0.0000093326	0.000000	67	0.018261
		0.0000075706	0.000000	36	0.012188
		0.0000028866	0.000000	16	0.008567
		0.0000031153	0.000000	59	0.015063
		0.0000046116	0.000000	57	0.016213
		0.0000085466	0.000000	15	0.003082
		0.0000087926	0.000000	56	0.021014
		0.0000073765	0.000000	44	0.010696
		0.0000043687	0.000000	53	0.017926
	6	200	0.700000	1.000000	0.900000	50
		0.0000035363	0.000000	86	0.033660
		0.0000078558	0.000000	4	0.004008
		0.0000056558	0.000000	77	0.036248
		0.0000015663	0.000000	24	0.015486
		0.0000091825	0.000000	21	0.015945
		0.0000087980	0.000000	20	0.008658
		0.0000042301	0.000000	22	0.012031
		0.0000042876	0.000000	25	0.015296
		0.0000043578	0.000000	38	0.017402
		0.0000055272	0.000000	18	0.012056
		0.0000094250	0.000000	41	0.016516
		0.0000044506	0.000000	81	0.032297
		0.0000024055	0.000000	59	0.025411
		0.0000025400	0.000000	50	0.023405
		0.0000045836	0.000000	40	0.018992
		0.0000049234	0.000000	37	0.020145
		0.0000053759	0.000000	4	0.001520
		0.0000024498	0.000000	20	0.010312
		0.0000059001	0.000000	10	0.008593
		0.0000030158	0.000000	67	0.030135
		0.0000079749	0.000000	45	0.022656
		0.0000013420	0.000000	29	0.017328
		0.0000052649	0.000000	42	0.024221
		0.0000079003	0.000000	54	0.025688
		0.0000040739	0.000000	59	0.024801
		0.0000059286	0.000000	31	0.015664
		0.0000042105	0.000000	55	0.021880
		0.0000039491	0.000000	23	0.016598
		0.0000040968	0.000000	34	0.015362
		0.0000051992	0.000000	36	0.017027
7
	7	50	0.700000	1.000000	0.900000	12
		10.9488867169	0.000000	10000	1.781583
		2.9861970575	0.000000	10000	1.721428
		5.9706506747	0.000000	10000	1.807218
		3.9808734765	0.000000	10000	1.776086
		10.9494656784	0.000000	10000	1.951014
		5.9802833851	0.000000	10000	1.895311
		7.9624113370	0.000000	10000	1.864310
		2.9898568344	0.000000	10000	1.809192
		8.9564221266	0.000000	10000	1.900703
		1.0201068846	0.000000	10000	1.767984
		17.9109496135	0.000000	10000	1.958685
		9.9516887050	0.000000	10000	1.929949
		16.9144362686	0.000000	10000	1.862555
		6.9659808455	0.000000	10000	1.922246
		4.0132551466	0.000000	10000	1.838656
		5.9700471448	0.000000	10000	1.895681
		8.9550809429	0.000000	10000	1.911030
		5.9697713630	0.000000	10000	1.890879
		6.9705429958	0.000000	10000	1.935896
		8.9557812171	0.000000	10000	1.907604
		11.9474187609	0.000000	10000	1.892478
		13.9316798493	0.000000	10000	1.867287
		8.9607457095	0.000000	10000	1.899447
		2.9860315814	0.000000	10000	1.789973
		8.9707367648	0.000000	10000	1.809831
		3.9799831597	0.000000	10000	1.759249
		29.8487554916	0.000000	10000	1.755434
		12.9360453715	0.000000	10000	1.859551
		5.9730405147	0.000000	10000	1.811701
		4.9812784850	0.000000	10000	1.777944
	7	100	0.700000	1.000000	0.900000	25
		3.9798362334	0.000000	10000	3.825511
		5.9697543451	0.000000	10000	3.927712
		14.9243872907	0.000000	10000	4.181339
		2.9848771713	0.000000	10000	3.847136
		8.9546264760	0.000000	10000	3.942734
		4.9747952855	0.000000	10000	3.847878
		3.9798362766	0.000000	10000	3.797788
		10.9445395524	0.000000	10000	3.853944
		4.9747952855	0.000000	10000	3.868346
		1.9899181148	0.000000	10000	3.726728
		8.9546268861	0.000000	10000	3.920923
		7.9596691840	0.000000	10000	3.861106
		1.9899183460	0.000000	10000	3.617926
		2.9848781513	0.000000	10000	3.745233
		11.9394986095	0.000000	10000	3.881906
		8.9554473454	0.000000	10000	3.919571
		11.9395036473	0.000000	10000	4.114615
		8.9546264760	0.000000	10000	3.939450
		3.9798362345	0.000000	10000	3.777395
		3.9798362284	0.000000	10000	3.752274
		3.9798362287	0.000000	10000	3.814436
		5.9697493363	0.000000	10000	3.755639
		5.9697543646	0.000000	10000	3.962584
		3.9798362295	0.000000	10000	3.821781
		4.9747952855	0.000000	10000	3.843247
		5.9697543426	0.000000	10000	3.932348
		2.9848771713	0.000000	10000	3.587188
		7.9596675432	0.000000	10000	3.905374
		4.9747952855	0.000000	10000	3.913924
		1.9899181213	0.000000	10000	3.667277
	7	150	0.700000	1.000000	0.900000	37
		8.9546264760	0.000000	10000	6.104731
		12.9344576666	0.000000	10000	6.232570
		0.9949590571	0.000000	10000	5.526365
		8.9546264760	0.000000	10000	6.430999
		5.9697543426	0.000000	10000	6.393205
		9.9495855346	0.000000	10000	6.735705
		5.9697543426	0.000000	10000	6.461016
		2.9848771713	0.000000	10000	6.120931
		10.9445445902	0.000000	10000	6.873741
		7.9596724567	0.000000	10000	6.770788
		3.9798362285	0.000000	10000	6.383213
		6.9647133997	0.000000	10000	6.678268
		9.9495804953	0.000000	10000	6.191607
		9.9495855331	0.000000	10000	6.555408
		19.8991407939	0.000000	10000	6.266059
		5.9697543426	0.000000	10000	6.494375
		1.9899181142	0.000000	10000	5.992152
		3.9798362284	0.000000	10000	6.055586
		18.9042069713	0.000000	10000	6.607845
		5.9697543492	0.000000	10000	6.334846
		4.9747952855	0.000000	10000	6.036765
		2.9848771713	0.000000	10000	5.714397
		2.9848771713	0.000000	10000	5.687281
		3.9798362284	0.000000	10000	6.024242
		4.9747952855	0.000000	10000	6.043510
		4.9747952855	0.000000	10000	6.014567
		3.9798362284	0.000000	10000	5.998159
		9.9495804953	0.000000	10000	5.830284
		4.9747952856	0.000000	10000	6.293736
		11.9395036473	0.000000	10000	6.589428
	7	200	0.700000	1.000000	0.900000	50
		3.9798362284	0.000000	10000	8.369613
		14.9243757808	0.000000	10000	9.405352
		4.9747952855	0.000000	10000	8.693274
		9.9495855331	0.000000	10000	8.996681
		8.9546264760	0.000000	10000	8.966140
		8.9546264760	0.000000	10000	8.869641
		9.9495855331	0.000000	10000	9.113094
		6.9647083618	0.000000	10000	8.607833
		9.9495855331	0.000000	10000	9.174013
		4.9747952855	0.000000	10000	8.615729
		10.9445445902	0.000000	10000	9.187226
		5.9697543426	0.000000	10000	8.915445
		14.9243707429	0.000000	10000	8.874105
		5.9697543426	0.000000	10000	8.810504
		6.9647083618	0.000000	10000	8.704429
		5.9697543426	0.000000	10000	8.966911
		15.9193298000	0.000000	10000	9.244401
		5.9697543426	0.000000	10000	8.879522
		3.9798362284	0.000000	10000	8.457074
		9.9495855331	0.000000	10000	9.068563
		10.9445445902	0.000000	10000	9.207505
		3.9798362284	0.000000	10000	8.449748
		1.9899181142	0.000000	10000	7.677912
		6.9647133997	0.000000	10000	8.932778
		6.9647133997	0.000000	10000	9.700296
		8.9546264760	0.000000	10000	9.731945
		3.9798362284	0.000000	10000	8.337479
		2.9848771713	0.000000	10000	8.227063
		6.9647133997	0.000000	10000	9.005825
		6.9647083618	0.000000	10000	8.693659
8
	8	50	0.700000	1.000000	0.900000	12
		0.0813049191	0.000000	10000	2.192389
		0.0529699669	0.000000	10000	2.174594
		0.0593073850	0.000000	10000	2.113330
		0.0467223219	0.000000	10000	2.094054
		0.0668448984	0.000000	10000	2.186237
		0.0781671146	0.000000	10000	2.244742
		0.0100694013	0.000000	10000	1.956803
		0.0645877200	0.000000	10000	2.177271
		0.0492567713	0.000000	10000	2.176401
		0.0691607711	0.000000	10000	2.179519
		0.0622811687	0.000000	10000	2.114946
		0.0445019796	0.000000	10000	2.149032
		0.0570984912	0.000000	10000	2.110130
		0.0936260810	0.000000	10000	2.194434
		0.0691692680	0.000000	10000	2.202476
		0.0687672330	0.000000	10000	2.218062
		0.0233867182	0.000000	10000	1.989323
		0.0566130249	0.000000	10000	2.181450
		0.1487672547	0.000000	10000	2.242152
		0.0344623671	0.000000	10000	2.087327
		0.0766157316	0.000000	10000	2.213586
		0.0099250438	0.000000	10000	1.934630
		0.0320256683	0.000000	10000	2.076050
		0.0245931870	0.000000	10000	1.971515
		0.0272091986	0.000000	10000	2.015617
		0.0617513022	0.000000	10000	2.133501
		0.0617134404	0.000000	10000	2.102193
		0.0406787177	0.000000	10000	1.983864
		0.0271716102	0.000000	10000	1.989634
		0.0717935925	0.000000	10000	2.046780
	8	100	0.700000	1.000000	0.900000	25
		0.0418387919	0.000000	10000	4.591841
		0.0393977159	0.000000	10000	4.457167
		0.0073960403	0.000000	10000	4.175793
		0.0222558145	0.000000	10000	4.331851
		0.0713894780	0.000000	10000	4.760158
		0.0590088418	0.000000	10000	4.691181
		0.0245733056	0.000000	10000	4.164408
		0.0886419282	0.000000	10000	4.746217
		0.0713251372	0.000000	10000	4.541501
		0.0688931525	0.000000	10000	4.612805
		0.0393384071	0.000000	10000	4.474281
		0.0270933961	0.000000	10000	4.560409
		0.0123160725	0.000000	10000	3.950146
		0.0098658564	0.000000	10000	4.069861
		0.1303677983	0.000000	10000	4.792277
		0.0492004817	0.000000	10000	4.394601
		0.0393824353	0.000000	10000	4.672043
		0.0393873521	0.000000	10000	4.546688
		0.0123263741	0.000000	10000	4.133295
		0.0369187778	0.000000	10000	4.540618
		0.0491930918	0.000000	10000	4.474012
		0.0442826122	0.000000	10000	4.436704
		0.0442828776	0.000000	10000	4.473607
		0.0542242458	0.000000	10000	4.639009
		0.0837022003	0.000000	10000	4.761462
		0.0812003832	0.000000	10000	4.680876
		0.1502934717	0.000000	10000	4.713005
		0.0541744929	0.000000	10000	4.532798
		0.0245733020	0.000000	10000	4.260962
		0.0983691548	0.000000	10000	4.794106
	8	150	0.700000	1.000000	0.900000	37
		0.0172410209	0.000000	10000	6.885730
		0.0098646721	0.000000	10000	6.524590
		0.0295521837	0.000000	10000	7.157441
		0.0344747291	0.000000	10000	6.768424
		0.0008271616	0.000000	62	0.052037
		0.0541131596	0.000000	10000	7.289478
		0.0492815162	0.000000	10000	6.953634
		0.0246444489	0.000000	10000	6.964463
		0.0319987230	0.000000	10000	6.301996
		0.0713198576	0.000000	10000	7.185793
		0.0517403036	0.000000	10000	6.856938
		0.0123209889	0.000000	10000	6.416728
		0.0344477210	0.000000	10000	6.887754
		0.0221561437	0.000000	10000	6.441104
		0.0713149551	0.000000	10000	7.369053
		0.0590504194	0.000000	10000	7.560332
		0.0196777346	0.000000	10000	6.513978
		0.0123160725	0.000000	10000	6.654945
		0.0565327939	0.000000	10000	7.108049
		0.0566431356	0.000000	10000	7.368534
		0.0295620279	0.000000	10000	6.745563
		0.0959642006	0.000000	10000	7.437427
		0.0540837975	0.000000	10000	7.199043
		0.0270933965	0.000000	10000	6.958251
		0.0861414342	0.000000	10000	7.365617
		0.0541426871	0.000000	10000	7.151228
		0.0344477210	0.000000	10000	6.798927
		0.0147797768	0.000000	10000	6.425324
		0.0590577445	0.000000	10000	7.369232
		0.0393628425	0.000000	10000	6.747711
	8	200	0.700000	1.000000	0.900000	50
		0.0664441135	0.000000	10000	9.605583
		0.0934662137	0.000000	10000	10.772524
		0.0541573485	0.000000	10000	9.992057
		0.0147724077	0.000000	10000	8.540260
		0.0590233842	0.000000	10000	9.941225
		0.0688955299	0.000000	10000	9.541482
		0.0443073829	0.000000	10000	10.071117
		0.0073960403	0.000000	10000	8.549242
		0.0418707302	0.000000	10000	9.715747
		0.0344477210	0.000000	10000	9.304835
		0.0246370612	0.000000	10000	10.211970
		0.0270933961	0.000000	10000	9.730976
		0.0246370611	0.000000	10000	9.389392
		0.0123160725	0.000000	10000	9.029309
		0.0442828731	0.000000	10000	9.884273
		0.0615140782	0.000000	10000	10.687420
		0.0689028033	0.000000	10000	10.328123
		0.0344624042	0.000000	10000	10.331668
		0.0245732941	0.000000	10000	9.798088
		0.1083294935	0.000000	10000	11.187346
		0.0369605096	0.000000	10000	10.546104
		0.1254208061	0.000000	10000	11.578188
		0.1008450381	0.000000	10000	10.408726
		0.0344747013	0.000000	10000	9.713256
		0.0073960403	0.000000	10000	8.630057
		0.0787380134	0.000000	10000	10.016798
		0.0541868011	0.000000	10000	10.242928
		0.0295620279	0.000000	10000	9.321560
		0.0639828702	0.000000	10000	10.376369
		0.0221414386	0.000000	10000	8.986059
9
	9	50	0.700000	1.000000	0.900000	12
		0.0000678112	0.000000	19	0.000804
		0.0009448108	0.000000	16	0.000660
		0.0006152442	0.000000	11	0.001000
		0.0003606885	0.000000	17	0.001853
		0.0007131866	0.000000	19	0.000947
		0.0005544156	0.000000	12	0.000508
		0.0002456056	0.000000	16	0.000724
		0.0001828464	0.000000	12	0.000515
		0.0003578875	0.000000	26	0.002579
		0.0008069022	0.000000	15	0.001307
		0.0006061539	0.000000	16	0.000699
		0.0003914863	0.000000	19	0.002170
		0.0005666667	0.000000	18	0.000831
		0.0008347027	0.000000	12	0.001328
		0.0007536847	0.000000	17	0.001290
		0.0002845155	0.000000	20	0.001964
		0.0006184372	0.000000	25	0.002240
		0.0004765886	0.000000	19	0.002023
		0.0006520943	0.000000	14	0.001408
		0.0004354281	0.000000	13	0.001399
		0.0007880463	0.000000	27	0.001204
		0.0006043311	0.000000	15	0.001300
		0.0005087079	0.000000	25	0.002273
		0.0004489195	0.000000	30	0.003415
		0.0007749163	0.000000	12	0.001417
		0.0002850852	0.000000	19	0.002936
		0.0002639178	0.000000	22	0.003504
		0.0006142582	0.000000	20	0.001786
		0.0004962440	0.000000	18	0.001740
		0.0004557124	0.000000	22	0.001917
	9	100	0.700000	1.000000	0.900000	25
		0.0007864157	0.000000	13	0.004899
		0.0005231882	0.000000	16	0.004115
		0.0006593728	0.000000	9	0.002943
		0.0009057956	0.000000	16	0.005681
		0.0002036150	0.000000	11	0.005049
		0.0007530113	0.000000	11	0.001957
		0.0005780595	0.000000	13	0.003554
		0.0001586467	0.000000	13	0.003374
		0.0009139861	0.000000	13	0.003484
		0.0009133155	0.000000	20	0.005675
		0.0008638634	0.000000	11	0.002774
		0.0006688886	0.000000	12	0.001445
		0.0009833352	0.000000	13	0.002980
		0.0005407302	0.000000	12	0.001366
		0.0004034965	0.000000	13	0.005070
		0.0004939996	0.000000	15	0.003881
		0.0006105922	0.000000	12	0.003114
		0.0004577625	0.000000	11	0.001279
		0.0005062950	0.000000	14	0.004127
		0.0007188569	0.000000	14	0.004552
		0.0002866435	0.000000	15	0.004417
		0.0006959516	0.000000	16	0.004151
		0.0006047359	0.000000	16	0.005635
		0.0006728618	0.000000	14	0.005117
		0.0007759893	0.000000	15	0.005880
		0.0007194867	0.000000	11	0.003241
		0.0000837170	0.000000	19	0.006767
		0.0000617468	0.000000	13	0.004061
		0.0004322195	0.000000	15	0.005367
		0.0009407823	0.000000	12	0.002941
	9	150	0.700000	1.000000	0.900000	37
		0.0004239527	0.000000	12	0.007973
		0.0000329856	0.000000	10	0.003173
		0.0008560334	0.000000	9	0.005205
		0.0005296346	0.000000	13	0.005124
		0.0007995111	0.000000	16	0.006961
		0.0008048284	0.000000	14	0.003105
		0.0008888849	0.000000	14	0.005533
		0.0003332772	0.000000	10	0.005393
		0.0002935029	0.000000	12	0.004817
		0.0003053290	0.000000	15	0.006239
		0.0004927933	0.000000	11	0.006182
		0.0009134762	0.000000	12	0.005325
		0.0007147364	0.000000	14	0.007414
		0.0007535182	0.000000	15	0.003625
		0.0007150167	0.000000	21	0.011600
		0.0001662806	0.000000	15	0.003266
		0.0008309190	0.000000	11	0.002739
		0.0007492965	0.000000	12	0.005803
		0.0006138524	0.000000	12	0.006792
		0.0002476047	0.000000	14	0.003882
		0.0002527161	0.000000	11	0.002670
		0.0000534303	0.000000	14	0.006356
		0.0000883322	0.000000	12	0.006238
		0.0007698769	0.000000	7	0.003118
		0.0006297606	0.000000	14	0.003879
		0.0009524981	0.000000	16	0.006487
		0.0008099485	0.000000	13	0.006991
		0.0001952343	0.000000	12	0.006783
		0.0009196720	0.000000	14	0.005964
		0.0004364271	0.000000	11	0.005877
	9	200	0.700000	1.000000	0.900000	50
		0.0009827750	0.000000	10	0.007543
		0.0007189485	0.000000	12	0.010502
		0.0003646776	0.000000	12	0.009581
		0.0008821614	0.000000	9	0.008266
		0.0004733805	0.000000	10	0.006451
		0.0008246119	0.000000	9	0.008001
		0.0008202457	0.000000	11	0.009574
		0.0000595046	0.000000	17	0.010276
		0.0008738995	0.000000	15	0.008128
		0.0002127664	0.000000	7	0.005361
		0.0009145593	0.000000	12	0.008351
		0.0004717782	0.000000	11	0.007839
		0.0003449020	0.000000	14	0.007090
		0.0001688123	0.000000	16	0.013231
		0.0008967100	0.000000	6	0.006038
		0.0008390018	0.000000	12	0.009925
		0.0003758786	0.000000	10	0.003636
		0.0003229519	0.000000	8	0.002853
		0.0000569404	0.000000	13	0.004661
		0.0004001828	0.000000	11	0.004043
		0.0003155711	0.000000	13	0.004585
		0.0003677023	0.000000	9	0.003252
		0.0004355979	0.000000	10	0.003540
		0.0005633518	0.000000	10	0.003556
		0.0004048120	0.000000	12	0.004467
		0.0001783052	0.000000	17	0.012004
		0.0006104322	0.000000	9	0.003243
		0.0008589774	0.000000	8	0.007070
		0.0002298747	0.000000	16	0.009533
		0.0004640831	0.000000	9	0.008092
10
	10	50	0.700000	1.000000	0.900000	12
		1.6462236355	0.000000	10000	1.916961
		1.6463958958	0.000000	10000	1.920720
		0.0009836096	0.000000	88	0.019562
		2.0133168791	0.000000	10000	1.947312
		0.0008680713	0.000000	95	0.019955
		1.6462293514	0.000000	10000	1.959400
		1.1553322248	0.000000	10000	1.877821
		1.1554277732	0.000000	10000	1.893297
		2.3182981375	0.000000	10000	1.974880
		0.0007879746	0.000000	83	0.017016
		0.0009781463	0.000000	82	0.026200
		0.0010879214	0.000000	10000	1.839312
		0.0169489043	0.000000	10000	1.861516
		1.6476454347	0.000000	10000	1.935906
		1.6462236933	0.000000	10000	1.906388
		0.0262214021	0.000000	10000	1.921171
		1.1552789733	0.000000	10000	1.961089
		0.0040270839	0.000000	10000	1.881322
		1.1553468069	0.000000	10000	1.983432
		1.1551496837	0.000000	10000	1.971669
		1.1571079322	0.000000	10000	1.956397
		1.1551485319	0.000000	10000	1.966330
		1.6466332450	0.000000	10000	2.001004
		0.0018922088	0.000000	10000	1.886822
		1.6463354469	0.000000	10000	2.015826
		1.1551502733	0.000000	10000	1.966356
		0.0227429960	0.000000	10000	1.931779
		1.1553800868	0.000000	10000	1.972044
		0.0059562489	0.000000	10000	1.879093
		0.0066884989	0.000000	10000	1.891848
	10	100	0.700000	1.000000	0.900000	25
		1.6462236331	0.000000	10000	4.313102
		0.0008447797	0.000000	65	0.031266
		0.0008063245	0.000000	79	0.046160
		1.1551485027	0.000000	10000	4.283844
		0.0009490706	0.000000	71	0.035337
		0.0009753082	0.000000	78	0.044909
		0.0009119102	0.000000	73	0.040556
		0.0009470551	0.000000	89	0.051662
		0.0008611448	0.000000	77	0.047111
		1.1551485346	0.000000	10000	4.068382
		2.0133152363	0.000000	10000	4.437255
		0.0008403326	0.000000	81	0.040334
		0.0009934308	0.000000	70	0.039453
		1.1551485027	0.000000	10000	4.246881
		1.1551485028	0.000000	10000	4.285369
		0.0009660149	0.000000	74	0.036275
		0.0020144823	0.000000	10000	3.933803
		0.0009051287	0.000000	100	0.049314
		1.6462236331	0.000000	10000	4.336408
		0.0007306905	0.000000	83	0.040522
		0.0009616442	0.000000	84	0.048658
		1.6462265723	0.000000	10000	3.994143
		0.0009042262	0.000000	77	0.034958
		1.1551485027	0.000000	10000	3.954676
		1.1551485027	0.000000	10000	3.937195
		0.0230660770	0.000000	10000	3.844650
		0.0015050880	0.000000	10000	3.527907
		0.0009860213	0.000000	82	0.036846
		0.0008995554	0.000000	81	0.042082
		0.0009581136	0.000000	87	0.048119
	10	150	0.700000	1.000000	0.900000	37
		0.0007850901	0.000000	62	0.052350
		0.0007424498	0.000000	64	0.052631
		0.0006988846	0.000000	60	0.047880
		0.0009711528	0.000000	64	0.053347
		0.0008802127	0.000000	69	0.053152
		1.1551485266	0.000000	10000	6.132652
		0.0009520611	0.000000	68	0.049530
		0.0008120742	0.000000	66	0.056817
		0.0009408272	0.000000	75	0.060330
		1.1551485027	0.000000	10000	6.065494
		0.0009813346	0.000000	68	0.049101
		0.0007952941	0.000000	68	0.054427
		0.0007577978	0.000000	70	0.057380
		0.0008199426	0.000000	65	0.051369
		1.1551485027	0.000000	10000	6.122509
		1.6462236331	0.000000	10000	6.296018
		0.0007105958	0.000000	62	0.045661
		1.6462236331	0.000000	10000	6.217628
		0.0009638447	0.000000	60	0.043727
		0.0009219697	0.000000	63	0.052882
		0.0006772040	0.000000	64	0.053966
		1.6462236331	0.000000	10000	6.269790
		0.0007493218	0.000000	68	0.049590
		0.0009918227	0.000000	69	0.053111
		0.0009822720	0.000000	68	0.052813
		1.6462236331	0.000000	10000	6.199963
		0.0008417570	0.000000	73	0.053008
		0.0009862577	0.000000	59	0.047224
		1.1551485027	0.000000	10000	6.129342
		0.0007998567	0.000000	64	0.046547
	10	200	0.700000	1.000000	0.900000	50
		0.0008313762	0.000000	67	0.075698
		0.0007089511	0.000000	71	0.077419
		0.0411397516	0.000000	10000	7.454059
		0.0007693717	0.000000	72	0.073897
		1.1551485027	0.000000	10000	8.655416
		0.0008546845	0.000000	59	0.062557
		0.0007415898	0.000000	71	0.082862
		0.0007965041	0.000000	62	0.072722
		0.0008064365	0.000000	59	0.067354
		0.0007655098	0.000000	56	0.062821
		0.0007764295	0.000000	83	0.090701
		0.0006754957	0.000000	57	0.074402
		0.0008479480	0.000000	82	0.097136
		0.0009075532	0.000000	67	0.080917
		1.6462290758	0.000000	10000	9.233607
		0.0008650027	0.000000	71	0.081451
		0.0008886531	0.000000	74	0.087689
		0.0009545265	0.000000	74	0.090150
		0.0009016045	0.000000	82	0.094232
		0.0009791334	0.000000	76	0.093066
		1.1551485027	0.000000	10000	9.514544
		0.0009043372	0.000000	64	0.072722
		0.0009169587	0.000000	63	0.074686
		0.0007637078	0.000000	68	0.073793
		0.0009579183	0.000000	72	0.086546
		0.0009516638	0.000000	67	0.078439
		0.0009644717	0.000000	62	0.074545
		0.0008565928	0.000000	70	0.084002
		0.0008194052	0.000000	67	0.077491
		0.0008460462	0.000000	74	0.090275
